Equilibriated:4
m_0++ seq1:
5.08165, -0.331461, -0.582746, -0.620421, -0.7134, -0.585596, -0.7134, -0.620421, -0.582746, -0.331461, 
m_0-- seq1:
1.09161, 0.0141457, -0.0171176, 0.0112106, -0.00676082, 0.00534749, -0.00676082, 0.0112106, -0.0171176, 0.0141457, 
wilson seq1:
23.1566, 13.519, 10.8695, 9.13872, 8.0854, 7.60498, 8.0854, 9.13872, 10.8695, 13.519, 
Plaqavg:
0.831855
m_0++ seq2:
5.0257, -0.405475, -0.710967, -0.541429, -0.513218, -0.68352, -0.513218, -0.541429, -0.710967, -0.405475, 
m_0-- seq2:
1.05303, 0.0258395, -0.000218367, 0.0139808, -0.0137379, -0.00302107, -0.0137379, 0.0139808, -0.000218367, 0.0258395, 
wilson seq2:
22.6295, 13.1962, 10.5013, 9.24958, 8.5258, 8.06241, 8.5258, 9.24958, 10.5013, 13.1962, 
Plaqavg:
0.831959
m_0++ seq3:
4.99826, -0.437766, -0.590338, -0.684532, -0.526867, -0.519256, -0.526867, -0.684532, -0.590338, -0.437766, 
m_0-- seq3:
4.36843, 2.49794, 1.52274, 0.780192, 0.243923, 0.0773662, 0.243923, 0.780192, 1.52274, 2.49794, 
wilson seq3:
18.8883, 9.7313, 7.28279, 6.4561, 6.05511, 5.98777, 6.05511, 6.4561, 7.28279, 9.7313, 
Plaqavg:
0.830247
m_0++ seq4:
4.99289, -0.327613, -0.548441, -0.657493, -0.68643, -0.55294, -0.68643, -0.657493, -0.548441, -0.327613, 
m_0-- seq4:
1.56069, 0.172544, 0.0360965, -0.00810126, -0.0250815, -0.00278124, -0.0250815, -0.00810126, 0.0360965, 0.172544, 
wilson seq4:
21.7949, 12.4073, 9.83856, 8.3019, 7.99435, 7.64771, 7.99435, 8.3019, 9.83856, 12.4073, 
Plaqavg:
0.830445
m_0++ seq5:
4.82567, -0.376158, -0.555483, -0.563833, -0.617791, -0.599142, -0.617791, -0.563833, -0.555483, -0.376158, 
m_0-- seq5:
1.15592, 0.0120611, 0.0069201, 0.00156795, -0.00134875, -0.00250347, -0.00134875, 0.00156795, 0.0069201, 0.0120611, 
wilson seq5:
22.7386, 12.9506, 10.0467, 8.31098, 7.57063, 7.33497, 7.57063, 8.31098, 10.0467, 12.9506, 
Plaqavg:
0.831508
m_0++ seq6:
5.0884, -0.289013, -0.597087, -0.753762, -0.540159, -0.728359, -0.540159, -0.753762, -0.597087, -0.289013, 
m_0-- seq6:
1.31595, 0.0394482, 0.0167236, -0.00084879, 0.00676286, 0.0351293, 0.00676286, -0.00084879, 0.0167236, 0.0394482, 
wilson seq6:
22.0172, 12.3371, 9.65522, 8.27091, 7.68599, 7.3336, 7.68599, 8.27091, 9.65522, 12.3371, 
Plaqavg:
0.830394
avgplaq:0.831068
plaqsd:0.00072158
completed in:27
