Equilibriated:303
m_0++ seq0:
23.6133, 0.549346, -0.995377, -1.12205, -1.17722, -1.17312, -1.30719, -1.14441, -1.15658, -1.20391, -1.18447, -1.22804, -1.32728, -1.22804, -1.18447, -1.20391, -1.15658, -1.14441, -1.30719, -1.17312, -1.17722, -1.12205, -0.995377, 0.549346, 
m_0-- seq0:
34.1725, 20.0116, 13.7699, 9.97556, 7.53089, 5.42226, 3.58218, 2.17539, 1.19141, 0.626568, 0.375775, 0.0987134, -0.149433, 0.0987134, 0.375775, 0.626568, 1.19141, 2.17539, 3.58218, 5.42226, 7.53089, 9.97556, 13.7699, 20.0116, 
wilson seq0:
20.1506, 1.81187, 0.648503, 0.280516, 0.182143, 0.0552816, 0.0436867, -0.0454527, -0.0276, 0.0240832, -0.0576707, -0.0623605, -0.109015, -0.0623605, -0.0576707, 0.0240832, -0.0276, -0.0454527, 0.0436867, 0.0552816, 0.182143, 0.280516, 0.648503, 1.81187, 
Plaqavg:
0.806102
m_0++ seq1:
23.4914, 0.502954, -0.917643, -1.06987, -1.13895, -1.28128, -1.37647, -1.15882, -1.10272, -1.18093, -1.24024, -1.16424, -1.235, -1.16424, -1.24024, -1.18093, -1.10272, -1.15882, -1.37647, -1.28128, -1.13895, -1.06987, -0.917643, 0.502954, 
m_0-- seq1:
31.4486, 16.749, 10.1069, 5.95844, 3.32626, 1.52865, 0.39776, -0.0761786, -0.0467986, 0.0033859, 0.155761, 0.156304, 0.135728, 0.156304, 0.155761, 0.0033859, -0.0467986, -0.0761786, 0.39776, 1.52865, 3.32626, 5.95844, 10.1069, 16.749, 
wilson seq1:
20.0189, 1.74706, 0.529254, 0.196253, 0.0981308, 0.118852, 0.105759, 0.0487645, 0.06623, -0.0289048, -0.00687687, 0.0337715, -0.0857988, 0.0337715, -0.00687687, -0.0289048, 0.06623, 0.0487645, 0.105759, 0.118852, 0.0981308, 0.196253, 0.529254, 1.74706, 
Plaqavg:
0.805953
m_0++ seq2:
23.8809, 0.600753, -0.875533, -0.970483, -1.2198, -1.26236, -1.22798, -1.25529, -1.08339, -1.33621, -1.30811, -1.30034, -1.40342, -1.30034, -1.30811, -1.33621, -1.08339, -1.25529, -1.22798, -1.26236, -1.2198, -0.970483, -0.875533, 0.600753, 
m_0-- seq2:
29.9837, 14.7767, 8.03001, 4.21935, 1.82912, 0.544145, -0.0350568, 0.0376537, 0.413971, 0.769006, 1.10307, 1.53831, 1.81393, 1.53831, 1.10307, 0.769006, 0.413971, 0.0376537, -0.0350568, 0.544145, 1.82912, 4.21935, 8.03001, 14.7767, 
wilson seq2:
20.0877, 1.72922, 0.547005, 0.26866, 0.0580756, 0.061821, -0.00063643, -0.00286243, -0.0415292, -0.0546204, -0.0855168, -0.0875733, -0.0753815, -0.0875733, -0.0855168, -0.0546204, -0.0415292, -0.00286243, -0.00063643, 0.061821, 0.0580756, 0.26866, 0.547005, 1.72922, 
Plaqavg:
0.805666
m_0++ seq3:
23.503, 0.302304, -1.03317, -1.10186, -1.1078, -1.16297, -1.17203, -1.21674, -1.11483, -1.31558, -1.18528, -1.06112, -1.16485, -1.06112, -1.18528, -1.31558, -1.11483, -1.21674, -1.17203, -1.16297, -1.1078, -1.10186, -1.03317, 0.302304, 
m_0-- seq3:
27.6647, 12.9221, 6.46543, 2.67514, 0.729864, -0.612962, -1.50239, -1.80224, -1.60614, -1.1236, -0.576762, 0.101896, 0.494103, 0.101896, -0.576762, -1.1236, -1.60614, -1.80224, -1.50239, -0.612962, 0.729864, 2.67514, 6.46543, 12.9221, 
wilson seq3:
20.1599, 1.78051, 0.48455, 0.154253, 0.0772046, 0.00940247, -0.0298307, 0.0222136, -0.043994, 0.0171382, 0.0811587, 0.0474529, 0.0574138, 0.0474529, 0.0811587, 0.0171382, -0.043994, 0.0222136, -0.0298307, 0.00940247, 0.0772046, 0.154253, 0.48455, 1.78051, 
Plaqavg:
0.805812
m_0++ seq4:
23.5316, 0.576942, -1.00155, -1.17309, -1.2012, -1.21177, -1.14018, -1.15913, -1.12501, -1.25227, -1.23657, -1.32016, -1.04356, -1.32016, -1.23657, -1.25227, -1.12501, -1.15913, -1.14018, -1.21177, -1.2012, -1.17309, -1.00155, 0.576942, 
m_0-- seq4:
29.5523, 14.6186, 8.22723, 4.38142, 2.1506, 0.674034, -0.118839, -0.357437, -0.267453, 0.175838, 0.821389, 1.34972, 1.37377, 1.34972, 0.821389, 0.175838, -0.267453, -0.357437, -0.118839, 0.674034, 2.1506, 4.38142, 8.22723, 14.6186, 
wilson seq4:
20.1487, 1.73972, 0.478826, 0.107971, 0.0624026, 0.0800113, -0.0183251, -0.0745059, -0.0256042, 0.036544, 0.0869658, 0.0384185, 0.0941798, 0.0384185, 0.0869658, 0.036544, -0.0256042, -0.0745059, -0.0183251, 0.0800113, 0.0624026, 0.107971, 0.478826, 1.73972, 
Plaqavg:
0.805886
m_0++ seq5:
23.5197, 0.499666, -0.939208, -1.09848, -1.23342, -1.26495, -1.23184, -1.21381, -1.1812, -1.19564, -1.13082, -1.19009, -1.16007, -1.19009, -1.13082, -1.19564, -1.1812, -1.21381, -1.23184, -1.26495, -1.23342, -1.09848, -0.939208, 0.499666, 
m_0-- seq5:
34.7198, 19.6371, 12.7286, 8.52653, 6.10371, 4.44097, 3.38943, 2.59309, 1.50885, 0.292122, -0.672349, -1.04439, -1.30337, -1.04439, -0.672349, 0.292122, 1.50885, 2.59309, 3.38943, 4.44097, 6.10371, 8.52653, 12.7286, 19.6371, 
wilson seq5:
20.0202, 1.76221, 0.516673, 0.225602, 0.102364, 0.012585, 0.000872187, 0.0027233, -0.0242985, -0.016339, 0.0175712, 0.0328096, 0.0504035, 0.0328096, 0.0175712, -0.016339, -0.0242985, 0.0027233, 0.000872187, 0.012585, 0.102364, 0.225602, 0.516673, 1.76221, 
Plaqavg:
0.805648
m_0++ seq0:
23.7071, 0.504893, -0.931318, -1.17766, -1.33729, -1.2588, -1.23723, -1.21202, -1.18746, -1.11837, -1.15477, -1.12102, -1.24508, -1.12102, -1.15477, -1.11837, -1.18746, -1.21202, -1.23723, -1.2588, -1.33729, -1.17766, -0.931318, 0.504893, 
m_0-- seq0:
28.9598, 14.754, 9.05861, 5.80941, 3.50102, 1.7396, 0.520291, -0.324424, -1.07243, -1.75912, -2.15187, -2.54663, -2.64897, -2.54663, -2.15187, -1.75912, -1.07243, -0.324424, 0.520291, 1.7396, 3.50102, 5.80941, 9.05861, 14.754, 
wilson seq0:
20.1398, 1.76235, 0.56573, 0.179552, 0.141746, 0.0384564, 0.0146678, -0.0303782, -0.00728514, 0.0676127, 0.117591, 0.115104, 0.0673777, 0.115104, 0.117591, 0.0676127, -0.00728514, -0.0303782, 0.0146678, 0.0384564, 0.141746, 0.179552, 0.56573, 1.76235, 
Plaqavg:
0.805994
m_0++ seq1:
23.7329, 0.558435, -0.912192, -1.10121, -1.14756, -1.2004, -1.20044, -1.39714, -1.29151, -1.25718, -1.22107, -1.13662, -1.1191, -1.13662, -1.22107, -1.25718, -1.29151, -1.39714, -1.20044, -1.2004, -1.14756, -1.10121, -0.912192, 0.558435, 
m_0-- seq1:
30.0636, 15.5763, 9.41507, 5.72645, 3.68763, 2.58563, 2.10975, 1.78925, 1.85365, 2.14596, 2.4043, 2.76542, 2.71429, 2.76542, 2.4043, 2.14596, 1.85365, 1.78925, 2.10975, 2.58563, 3.68763, 5.72645, 9.41507, 15.5763, 
wilson seq1:
20.0956, 1.76122, 0.510361, 0.177898, 0.121896, 0.0859277, 0.00589414, 0.0597299, -0.00246303, 0.0435245, 0.0806338, 0.100309, 0.011933, 0.100309, 0.0806338, 0.0435245, -0.00246303, 0.0597299, 0.00589414, 0.0859277, 0.121896, 0.177898, 0.510361, 1.76122, 
Plaqavg:
0.806018
m_0++ seq2:
23.5553, 0.429976, -0.918392, -1.05448, -1.19998, -1.1581, -1.22133, -1.14826, -1.20003, -1.12733, -1.22939, -1.2608, -1.37908, -1.2608, -1.22939, -1.12733, -1.20003, -1.14826, -1.22133, -1.1581, -1.19998, -1.05448, -0.918392, 0.429976, 
m_0-- seq2:
29.6793, 15.6165, 9.83847, 6.57256, 4.61406, 3.25579, 2.54083, 1.97116, 1.31449, 0.72907, 0.609596, 0.603769, 0.533115, 0.603769, 0.609596, 0.72907, 1.31449, 1.97116, 2.54083, 3.25579, 4.61406, 6.57256, 9.83847, 15.6165, 
wilson seq2:
20.0665, 1.77531, 0.462595, 0.212071, 0.062196, 0.0155825, -0.0350785, -0.0346061, -0.00494262, -0.0951879, -0.0832136, -0.0212644, 0.00809301, -0.0212644, -0.0832136, -0.0951879, -0.00494262, -0.0346061, -0.0350785, 0.0155825, 0.062196, 0.212071, 0.462595, 1.77531, 
Plaqavg:
0.806151
m_0++ seq3:
23.594, 0.497814, -0.952005, -1.14043, -1.20504, -1.16584, -1.24163, -1.29302, -1.16198, -1.19283, -1.16143, -1.15335, -1.25447, -1.15335, -1.16143, -1.19283, -1.16198, -1.29302, -1.24163, -1.16584, -1.20504, -1.14043, -0.952005, 0.497814, 
m_0-- seq3:
30.448, 15.5621, 8.94111, 4.74138, 1.96758, 0.115, -0.71877, -0.994229, -0.899753, -0.555936, -0.339687, -0.196666, -0.2017, -0.196666, -0.339687, -0.555936, -0.899753, -0.994229, -0.71877, 0.115, 1.96758, 4.74138, 8.94111, 15.5621, 
wilson seq3:
20.0714, 1.73674, 0.432555, 0.184717, -0.0219586, 0.0300716, -0.045809, -0.0128237, 0.0352913, -0.021868, -0.00827571, 0.0159406, 0.0229413, 0.0159406, -0.00827571, -0.021868, 0.0352913, -0.0128237, -0.045809, 0.0300716, -0.0219586, 0.184717, 0.432555, 1.73674, 
Plaqavg:
0.805716
m_0++ seq4:
23.5573, 0.388766, -0.994569, -1.11111, -1.06297, -1.23974, -1.19251, -1.09876, -1.14473, -1.25366, -1.22265, -1.24955, -1.19432, -1.24955, -1.22265, -1.25366, -1.14473, -1.09876, -1.19251, -1.23974, -1.06297, -1.11111, -0.994569, 0.388766, 
m_0-- seq4:
31.018, 16.5822, 10.3866, 6.45767, 3.71458, 1.68042, 0.129901, -0.825392, -1.3975, -1.68228, -1.85916, -2.1618, -2.28938, -2.1618, -1.85916, -1.68228, -1.3975, -0.825392, 0.129901, 1.68042, 3.71458, 6.45767, 10.3866, 16.5822, 
wilson seq4:
20.0061, 1.66384, 0.428832, 0.121185, 0.0902984, -0.00746947, 0.0136413, -0.00372466, 0.00495561, -0.000255754, -0.00250269, 0.067451, 0.0293401, 0.067451, -0.00250269, -0.000255754, 0.00495561, -0.00372466, 0.0136413, -0.00746947, 0.0902984, 0.121185, 0.428832, 1.66384, 
Plaqavg:
0.805967
m_0++ seq5:
23.7929, 0.534594, -1.05401, -1.097, -1.18092, -1.26267, -1.16791, -1.14159, -1.23267, -1.22923, -1.31937, -1.18434, -1.12263, -1.18434, -1.31937, -1.22923, -1.23267, -1.14159, -1.16791, -1.26267, -1.18092, -1.097, -1.05401, 0.534594, 
m_0-- seq5:
33.8015, 19.1189, 12.8039, 8.77262, 5.96825, 3.91724, 2.453, 1.3057, 0.483989, 0.262512, -0.000227278, -0.113762, -0.208047, -0.113762, -0.000227278, 0.262512, 0.483989, 1.3057, 2.453, 3.91724, 5.96825, 8.77262, 12.8039, 19.1189, 
wilson seq5:
19.9976, 1.64312, 0.471348, 0.161114, 0.0502771, 0.0190619, 0.0948695, 0.0541053, 0.0661524, 0.0669382, 0.0453136, 0.0644596, 0.0456707, 0.0644596, 0.0453136, 0.0669382, 0.0661524, 0.0541053, 0.0948695, 0.0190619, 0.0502771, 0.161114, 0.471348, 1.64312, 
Plaqavg:
0.805788
m_0++ seq0:
23.4358, 0.323307, -1.00476, -1.12077, -1.21453, -1.15015, -1.11473, -1.17214, -1.17766, -1.14541, -1.18248, -1.16005, -1.1971, -1.16005, -1.18248, -1.14541, -1.17766, -1.17214, -1.11473, -1.15015, -1.21453, -1.12077, -1.00476, 0.323307, 
m_0-- seq0:
32.4791, 17.7856, 10.9501, 6.69394, 4.09144, 2.47461, 1.37121, 0.677276, 0.397087, 0.578869, 0.762489, 0.920639, 0.9769, 0.920639, 0.762489, 0.578869, 0.397087, 0.677276, 1.37121, 2.47461, 4.09144, 6.69394, 10.9501, 17.7856, 
wilson seq0:
20.0852, 1.73153, 0.546521, 0.182322, 0.0150166, -0.052354, 0.0128415, 0.0691071, 0.0437623, 0.0768199, 0.0670125, -0.00686242, -0.0469147, -0.00686242, 0.0670125, 0.0768199, 0.0437623, 0.0691071, 0.0128415, -0.052354, 0.0150166, 0.182322, 0.546521, 1.73153, 
Plaqavg:
0.805924
m_0++ seq1:
23.5619, 0.501033, -0.943759, -1.1232, -1.25408, -1.28324, -1.192, -1.12938, -1.03813, -1.16871, -1.22932, -1.25128, -1.33776, -1.25128, -1.22932, -1.16871, -1.03813, -1.12938, -1.192, -1.28324, -1.25408, -1.1232, -0.943759, 0.501033, 
m_0-- seq1:
35.467, 21.0523, 14.665, 10.401, 7.51126, 5.55769, 4.36407, 3.86267, 3.68271, 3.88923, 4.21655, 4.40677, 4.41891, 4.40677, 4.21655, 3.88923, 3.68271, 3.86267, 4.36407, 5.55769, 7.51126, 10.401, 14.665, 21.0523, 
wilson seq1:
19.9641, 1.67883, 0.40713, 0.225014, 0.0792831, -0.019482, -0.0425773, 0.0489409, 0.0243264, -0.0130425, -0.0438079, -0.0795099, -0.0292185, -0.0795099, -0.0438079, -0.0130425, 0.0243264, 0.0489409, -0.0425773, -0.019482, 0.0792831, 0.225014, 0.40713, 1.67883, 
Plaqavg:
0.806038
m_0++ seq2:
23.3284, 0.409734, -0.962319, -1.04232, -1.1852, -1.25047, -1.29602, -1.18293, -1.1322, -1.20349, -1.07825, -1.18345, -1.11461, -1.18345, -1.07825, -1.20349, -1.1322, -1.18293, -1.29602, -1.25047, -1.1852, -1.04232, -0.962319, 0.409734, 
m_0-- seq2:
30.1296, 16.0693, 10.3432, 7.12784, 4.96548, 3.56682, 2.49788, 1.65545, 0.858361, 0.502541, 0.357987, 0.164368, 0.160105, 0.164368, 0.357987, 0.502541, 0.858361, 1.65545, 2.49788, 3.56682, 4.96548, 7.12784, 10.3432, 16.0693, 
wilson seq2:
20.0617, 1.76342, 0.493295, 0.183556, 0.033421, -0.0264078, -0.0594246, -0.0447477, -0.018177, 0.0462588, 0.112084, 0.0814596, 0.101714, 0.0814596, 0.112084, 0.0462588, -0.018177, -0.0447477, -0.0594246, -0.0264078, 0.033421, 0.183556, 0.493295, 1.76342, 
Plaqavg:
0.806152
m_0++ seq3:
23.6366, 0.520598, -1.0036, -1.19151, -1.22707, -1.12561, -1.2424, -1.2994, -1.13028, -1.22604, -1.2234, -1.12312, -1.09293, -1.12312, -1.2234, -1.22604, -1.13028, -1.2994, -1.2424, -1.12561, -1.22707, -1.19151, -1.0036, 0.520598, 
m_0-- seq3:
32.9926, 18.3835, 11.7369, 7.69742, 4.73436, 2.75259, 1.99021, 1.76102, 1.18266, 0.734858, 0.665319, 0.700543, 0.633801, 0.700543, 0.665319, 0.734858, 1.18266, 1.76102, 1.99021, 2.75259, 4.73436, 7.69742, 11.7369, 18.3835, 
wilson seq3:
20.0887, 1.76783, 0.561241, 0.170523, 0.0989933, 0.0237408, 0.0362868, 0.060897, 0.0746975, 0.022834, 0.0485033, 0.0788298, 0.0299812, 0.0788298, 0.0485033, 0.022834, 0.0746975, 0.060897, 0.0362868, 0.0237408, 0.0989933, 0.170523, 0.561241, 1.76783, 
Plaqavg:
0.805997
m_0++ seq4:
23.5693, 0.485442, -1.00561, -1.17983, -1.15785, -1.24545, -1.16052, -1.16966, -1.26345, -1.08563, -1.20816, -1.19388, -1.20012, -1.19388, -1.20816, -1.08563, -1.26345, -1.16966, -1.16052, -1.24545, -1.15785, -1.17983, -1.00561, 0.485442, 
m_0-- seq4:
32.2912, 17.3278, 10.2545, 5.72868, 3.06928, 1.78456, 0.991584, 0.498898, 0.0126841, -0.56958, -1.12301, -1.52873, -1.75835, -1.52873, -1.12301, -0.56958, 0.0126841, 0.498898, 0.991584, 1.78456, 3.06928, 5.72868, 10.2545, 17.3278, 
wilson seq4:
20.0851, 1.80054, 0.555067, 0.236188, 0.116261, 0.0861711, 0.0261942, 0.0634347, 0.0752984, 0.0377744, 0.0602836, 0.0653341, 0.0794182, 0.0653341, 0.0602836, 0.0377744, 0.0752984, 0.0634347, 0.0261942, 0.0861711, 0.116261, 0.236188, 0.555067, 1.80054, 
Plaqavg:
0.80594
m_0++ seq5:
23.6271, 0.414912, -1.02382, -1.03699, -1.15936, -1.21437, -1.14157, -1.16477, -1.35511, -1.29226, -1.13666, -1.15192, -1.10329, -1.15192, -1.13666, -1.29226, -1.35511, -1.16477, -1.14157, -1.21437, -1.15936, -1.03699, -1.02382, 0.414912, 
m_0-- seq5:
28.6781, 14.7865, 9.09763, 5.86136, 3.86799, 2.68844, 2.17118, 1.98682, 1.98497, 2.28537, 2.54405, 2.70591, 2.80316, 2.70591, 2.54405, 2.28537, 1.98497, 1.98682, 2.17118, 2.68844, 3.86799, 5.86136, 9.09763, 14.7865, 
wilson seq5:
20.0532, 1.78723, 0.580247, 0.179208, 0.0863098, 0.00358154, -0.00360689, 0.0346937, 0.0106984, 0.0215896, 0.0770674, -0.0121348, 0.00388317, -0.0121348, 0.0770674, 0.0215896, 0.0106984, 0.0346937, -0.00360689, 0.00358154, 0.0863098, 0.179208, 0.580247, 1.78723, 
Plaqavg:
0.806215
m_0++ seq0:
23.6565, 0.602929, -0.905001, -1.13889, -1.1528, -1.20655, -1.24748, -1.26754, -1.20992, -1.28003, -1.17457, -1.1947, -1.30739, -1.1947, -1.17457, -1.28003, -1.20992, -1.26754, -1.24748, -1.20655, -1.1528, -1.13889, -0.905001, 0.602929, 
m_0-- seq0:
32.741, 18.7038, 12.8409, 9.15312, 6.57493, 4.71941, 3.47072, 2.41979, 1.64599, 1.1647, 0.998783, 1.2482, 1.29099, 1.2482, 0.998783, 1.1647, 1.64599, 2.41979, 3.47072, 4.71941, 6.57493, 9.15312, 12.8409, 18.7038, 
wilson seq0:
20.1141, 1.74685, 0.468572, 0.197256, 0.0808743, 0.0405476, 0.0599925, -0.0231101, -0.00490316, 0.00427706, 0.0600838, 0.00559158, 0.108894, 0.00559158, 0.0600838, 0.00427706, -0.00490316, -0.0231101, 0.0599925, 0.0405476, 0.0808743, 0.197256, 0.468572, 1.74685, 
Plaqavg:
0.80626
m_0++ seq1:
23.7342, 0.562495, -0.907623, -1.18598, -1.22418, -1.15053, -1.12171, -1.22557, -1.24397, -1.09093, -1.28706, -1.32384, -1.33636, -1.32384, -1.28706, -1.09093, -1.24397, -1.22557, -1.12171, -1.15053, -1.22418, -1.18598, -0.907623, 0.562495, 
m_0-- seq1:
30.7118, 16.2492, 9.91202, 5.96552, 3.1768, 1.58977, 0.598868, 0.3271, 0.257729, 0.219391, 0.345027, 0.693354, 0.783564, 0.693354, 0.345027, 0.219391, 0.257729, 0.3271, 0.598868, 1.58977, 3.1768, 5.96552, 9.91202, 16.2492, 
wilson seq1:
20.1017, 1.74555, 0.571901, 0.210364, 0.160349, 0.0358848, 0.0563736, 0.0996687, -0.0157973, 0.0225555, -0.0147467, 0.0706728, 0.0505512, 0.0706728, -0.0147467, 0.0225555, -0.0157973, 0.0996687, 0.0563736, 0.0358848, 0.160349, 0.210364, 0.571901, 1.74555, 
Plaqavg:
0.806194
m_0++ seq2:
23.6995, 0.506581, -1.06883, -1.1933, -1.13071, -1.04753, -1.19337, -1.25323, -1.13719, -1.15883, -1.31856, -1.21198, -1.28566, -1.21198, -1.31856, -1.15883, -1.13719, -1.25323, -1.19337, -1.04753, -1.13071, -1.1933, -1.06883, 0.506581, 
m_0-- seq2:
33.0369, 17.8109, 10.5911, 6.10194, 3.50497, 1.97315, 1.16543, 0.605938, 0.41932, 0.193586, -0.187835, -0.607216, -1.03236, -0.607216, -0.187835, 0.193586, 0.41932, 0.605938, 1.16543, 1.97315, 3.50497, 6.10194, 10.5911, 17.8109, 
wilson seq2:
20.0125, 1.74608, 0.502153, 0.161687, 0.0908817, 0.0744615, 0.0597256, -0.097572, -0.0171582, 0.000964341, -0.115136, -0.063965, -0.0134992, -0.063965, -0.115136, 0.000964341, -0.0171582, -0.097572, 0.0597256, 0.0744615, 0.0908817, 0.161687, 0.502153, 1.74608, 
Plaqavg:
0.805731
m_0++ seq3:
23.5939, 0.493133, -0.895008, -1.19979, -1.16852, -1.24183, -1.34299, -1.13726, -1.09908, -1.18931, -1.12434, -1.31031, -1.16332, -1.31031, -1.12434, -1.18931, -1.09908, -1.13726, -1.34299, -1.24183, -1.16852, -1.19979, -0.895008, 0.493133, 
m_0-- seq3:
34.1424, 19.1397, 12.7574, 8.75518, 6.46065, 4.72057, 3.82657, 3.04826, 2.78191, 2.5918, 2.58976, 2.49731, 2.59807, 2.49731, 2.58976, 2.5918, 2.78191, 3.04826, 3.82657, 4.72057, 6.46065, 8.75518, 12.7574, 19.1397, 
wilson seq3:
19.9896, 1.67451, 0.505339, 0.133133, 0.101661, 0.0848584, 0.0281964, -0.0411657, 0.0217521, 0.0455799, 0.00331429, 0.00569321, -0.0239981, 0.00569321, 0.00331429, 0.0455799, 0.0217521, -0.0411657, 0.0281964, 0.0848584, 0.101661, 0.133133, 0.505339, 1.67451, 
Plaqavg:
0.805545
m_0++ seq4:
23.6137, 0.610302, -0.799781, -1.11378, -1.12802, -1.23289, -1.25051, -1.32719, -1.32113, -1.27118, -1.18141, -1.1878, -1.20696, -1.1878, -1.18141, -1.27118, -1.32113, -1.32719, -1.25051, -1.23289, -1.12802, -1.11378, -0.799781, 0.610302, 
m_0-- seq4:
33.2741, 19.0227, 12.6348, 8.88318, 6.37335, 4.28994, 2.64576, 1.40969, 0.98742, 0.728765, 0.421511, 0.153703, -0.172907, 0.153703, 0.421511, 0.728765, 0.98742, 1.40969, 2.64576, 4.28994, 6.37335, 8.88318, 12.6348, 19.0227, 
wilson seq4:
20.1283, 1.80986, 0.577019, 0.274744, 0.136408, 0.0938936, 0.0281606, -0.0295028, -0.0352099, 0.0091957, 0.0265898, 0.0296554, 0.120856, 0.0296554, 0.0265898, 0.0091957, -0.0352099, -0.0295028, 0.0281606, 0.0938936, 0.136408, 0.274744, 0.577019, 1.80986, 
Plaqavg:
0.806174
m_0++ seq5:
23.6575, 0.516658, -0.899121, -1.08402, -1.2156, -1.19025, -1.312, -1.2527, -1.29047, -1.15631, -1.12086, -1.21833, -1.2115, -1.21833, -1.12086, -1.15631, -1.29047, -1.2527, -1.312, -1.19025, -1.2156, -1.08402, -0.899121, 0.516658, 
m_0-- seq5:
31.3186, 16.5528, 9.65034, 5.51669, 3.04548, 1.37162, 0.463007, 0.445523, 0.833987, 1.32604, 1.97393, 2.63577, 2.85259, 2.63577, 1.97393, 1.32604, 0.833987, 0.445523, 0.463007, 1.37162, 3.04548, 5.51669, 9.65034, 16.5528, 
wilson seq5:
20.0757, 1.7847, 0.429679, 0.2127, 0.126129, 0.0299969, 0.00100046, 0.0604091, 0.0460459, 0.0409826, 0.0430783, 0.0827512, 0.0957629, 0.0827512, 0.0430783, 0.0409826, 0.0460459, 0.0604091, 0.00100046, 0.0299969, 0.126129, 0.2127, 0.429679, 1.7847, 
Plaqavg:
0.805908
m_0++ seq0:
23.8894, 0.509981, -0.877342, -1.12331, -1.22813, -1.20753, -1.21145, -1.19903, -1.30418, -1.24894, -1.13971, -1.24335, -1.34337, -1.24335, -1.13971, -1.24894, -1.30418, -1.19903, -1.21145, -1.20753, -1.22813, -1.12331, -0.877342, 0.509981, 
m_0-- seq0:
34.6385, 19.2192, 12.0237, 7.63397, 4.58326, 2.86905, 1.62705, 0.672682, 0.0667919, -0.237627, -0.549872, -0.817132, -1.1473, -0.817132, -0.549872, -0.237627, 0.0667919, 0.672682, 1.62705, 2.86905, 4.58326, 7.63397, 12.0237, 19.2192, 
wilson seq0:
19.9547, 1.63765, 0.41605, 0.104011, 0.107527, 0.0533131, 0.00691362, 0.00487968, -0.00515649, 0.0205881, 0.0200777, -0.0178911, 0.0281645, -0.0178911, 0.0200777, 0.0205881, -0.00515649, 0.00487968, 0.00691362, 0.0533131, 0.107527, 0.104011, 0.41605, 1.63765, 
Plaqavg:
0.805586
m_0++ seq1:
23.7216, 0.496317, -0.882747, -1.04608, -1.16726, -1.28608, -1.32197, -1.17367, -1.22125, -1.13892, -1.39033, -1.16129, -1.13507, -1.16129, -1.39033, -1.13892, -1.22125, -1.17367, -1.32197, -1.28608, -1.16726, -1.04608, -0.882747, 0.496317, 
m_0-- seq1:
31.465, 17.1986, 10.8005, 6.6666, 4.09616, 2.71298, 1.89557, 1.35057, 1.25096, 1.36024, 1.16816, 0.83014, 0.684923, 0.83014, 1.16816, 1.36024, 1.25096, 1.35057, 1.89557, 2.71298, 4.09616, 6.6666, 10.8005, 17.1986, 
wilson seq1:
19.9811, 1.71008, 0.473912, 0.215446, 0.12132, 0.0627768, 0.00808897, -0.0121672, -0.0226531, -0.0123555, 0.0109058, -0.0218022, 0.0703274, -0.0218022, 0.0109058, -0.0123555, -0.0226531, -0.0121672, 0.00808897, 0.0627768, 0.12132, 0.215446, 0.473912, 1.71008, 
Plaqavg:
0.806179
m_0++ seq2:
23.6627, 0.521431, -0.997255, -1.20371, -1.2637, -1.28473, -1.21824, -1.2353, -1.04635, -1.2182, -1.06277, -1.19463, -1.25581, -1.19463, -1.06277, -1.2182, -1.04635, -1.2353, -1.21824, -1.28473, -1.2637, -1.20371, -0.997255, 0.521431, 
m_0-- seq2:
34.2196, 19.569, 12.909, 8.87005, 6.50701, 4.78258, 3.24098, 2.01767, 1.08097, 0.426236, 0.0426917, 0.187131, 0.370124, 0.187131, 0.0426917, 0.426236, 1.08097, 2.01767, 3.24098, 4.78258, 6.50701, 8.87005, 12.909, 19.569, 
wilson seq2:
19.9784, 1.68228, 0.475451, 0.138484, 0.153293, 0.0634259, -0.0504843, 0.0405437, 0.0558579, -0.00623188, 0.0434657, 0.0433108, 0.115814, 0.0433108, 0.0434657, -0.00623188, 0.0558579, 0.0405437, -0.0504843, 0.0634259, 0.153293, 0.138484, 0.475451, 1.68228, 
Plaqavg:
0.805839
m_0++ seq3:
23.5209, 0.418327, -0.996065, -1.15047, -1.07823, -1.15158, -1.21468, -1.15945, -1.33945, -1.15897, -1.17015, -1.14904, -1.22141, -1.14904, -1.17015, -1.15897, -1.33945, -1.15945, -1.21468, -1.15158, -1.07823, -1.15047, -0.996065, 0.418327, 
m_0-- seq3:
30.1042, 15.789, 9.11507, 4.79798, 2.17224, 0.62642, -0.440759, -0.991913, -1.18287, -1.39141, -1.45581, -1.63243, -1.77331, -1.63243, -1.45581, -1.39141, -1.18287, -0.991913, -0.440759, 0.62642, 2.17224, 4.79798, 9.11507, 15.789, 
wilson seq3:
20.0446, 1.73777, 0.393751, 0.147253, 0.0546656, 0.05739, 0.00953669, 0.00843413, 0.0781908, 0.0250176, -0.00122841, 0.00516639, -0.0594626, 0.00516639, -0.00122841, 0.0250176, 0.0781908, 0.00843413, 0.00953669, 0.05739, 0.0546656, 0.147253, 0.393751, 1.73777, 
Plaqavg:
0.806058
m_0++ seq4:
23.4574, 0.37108, -0.876457, -1.15674, -1.23601, -1.33396, -1.16626, -1.08988, -1.12855, -1.13991, -1.23895, -1.19967, -1.06683, -1.19967, -1.23895, -1.13991, -1.12855, -1.08988, -1.16626, -1.33396, -1.23601, -1.15674, -0.876457, 0.37108, 
m_0-- seq4:
30.2373, 15.7344, 9.12788, 5.36135, 3.42206, 2.47197, 1.4535, 0.544701, -0.326899, -0.735371, -0.842991, -0.725378, -0.714324, -0.725378, -0.842991, -0.735371, -0.326899, 0.544701, 1.4535, 2.47197, 3.42206, 5.36135, 9.12788, 15.7344, 
wilson seq4:
19.9674, 1.7019, 0.451222, 0.173034, 0.0636321, 0.0883384, 0.0514774, -0.0554025, -0.0672015, -0.0636598, -0.0901749, -0.0351245, -0.042403, -0.0351245, -0.0901749, -0.0636598, -0.0672015, -0.0554025, 0.0514774, 0.0883384, 0.0636321, 0.173034, 0.451222, 1.7019, 
Plaqavg:
0.805938
m_0++ seq5:
23.7181, 0.588372, -0.934965, -1.03668, -1.04853, -1.08815, -1.26506, -1.24318, -1.21716, -1.34349, -1.24109, -1.32147, -1.41529, -1.32147, -1.24109, -1.34349, -1.21716, -1.24318, -1.26506, -1.08815, -1.04853, -1.03668, -0.934965, 0.588372, 
m_0-- seq5:
34.2491, 19.3303, 12.7413, 8.30684, 5.45944, 3.41257, 2.05365, 1.12924, 0.794259, 0.600148, 0.770466, 1.01257, 1.08959, 1.01257, 0.770466, 0.600148, 0.794259, 1.12924, 2.05365, 3.41257, 5.45944, 8.30684, 12.7413, 19.3303, 
wilson seq5:
20.013, 1.71511, 0.496392, 0.219191, 0.0726527, 0.0644363, 0.0382024, 0.0354093, 0.00255431, -0.00878409, 0.0660297, 0.067657, 0.0153725, 0.067657, 0.0660297, -0.00878409, 0.00255431, 0.0354093, 0.0382024, 0.0644363, 0.0726527, 0.219191, 0.496392, 1.71511, 
Plaqavg:
0.805929
