Equilibriated:3
m_0++ seq1:
5.15295, -0.271468, -0.574076, -0.5714, -0.488304, -0.671228, -0.671228, -0.488304, -0.5714, -0.574076, 0.000140172, 
m_0-- seq1:
0.000140172, 0.35734, 0.0698482, -0.0252568, 0.00439707, 0.00415273, 0.00415273, 0.00439707, -0.0252568, 0.0698482, 0.35734, 
Plaqavg:
0.830926
m_0++ seq2:
5.19739, -0.330284, -0.553538, -0.614301, -0.576733, -0.52384, -0.52384, -0.576733, -0.614301, -0.553538, 9.71516e-005, 
m_0-- seq2:
9.71516e-005, 0.084639, -0.00762416, 0.0178688, -0.00326549, -0.0202414, -0.0202414, -0.00326549, 0.0178688, -0.00762416, 0.0846715, 
Plaqavg:
0.831085
m_0++ seq3:
5.32444, -0.298471, -0.578201, -0.574926, -0.605764, -0.604856, -0.604856, -0.605764, -0.574926, -0.578201, 9.98737e-005, 
m_0-- seq3:
9.98737e-005, 0.069307, 0.0227921, -0.0343687, -0.01235, -0.0358361, -0.0358361, -0.01235, -0.0343687, 0.0227921, 0.0693147, 
Plaqavg:
0.830748
m_0++ seq4:
5.25319, -0.246958, -0.603239, -0.535757, -0.564468, -0.676174, -0.676174, -0.564468, -0.535757, -0.603239, 0.000263011, 
m_0-- seq4:
0.000263011, 0.815915, 0.140048, -0.0541342, -0.14035, -0.0410165, -0.0410165, -0.14035, -0.0541342, 0.140048, 0.815922, 
Plaqavg:
0.829036
m_0++ seq5:
5.44706, -0.318309, -0.538982, -0.599523, -0.636054, -0.630661, -0.630661, -0.636054, -0.599523, -0.538982, 0.000387909, 
m_0-- seq5:
0.000387909, 2.15987, 1.19116, 0.539246, 0.233421, 0.0644856, 0.0644856, 0.233421, 0.539246, 1.19116, 2.15995, 
Plaqavg:
0.829086
m_0++ seq6:
5.30201, -0.270896, -0.498155, -0.582806, -0.674051, -0.625095, -0.625095, -0.674051, -0.582806, -0.498155, 0.000117934, 
m_0-- seq6:
0.000117934, 0.128261, 0.00549602, -0.00311715, -0.0198427, -0.0287444, -0.0287444, -0.0198427, -0.00311715, 0.00549602, 0.128457, 
Plaqavg:
0.830764
m_0++ seq7:
5.06085, -0.292231, -0.531931, -0.571314, -0.556276, -0.578673, -0.578673, -0.556276, -0.571314, -0.531931, 8.10709e-005, 
m_0-- seq7:
8.10709e-005, 0.0181967, -0.000770632, 0.00604261, 0.0136135, -0.0146058, -0.0146058, 0.0136135, 0.00604261, -0.000770632, 0.0182084, 
Plaqavg:
0.831575
