Equilibriated:199
m_0++ seq0:
20.5335, 0.290908, -0.775605, -1.06329, -1.18807, -0.94635, -1.06669, -0.943368, -0.938077, -1.03841, -1.05906, -1.03974, -0.997956, -1.03974, -1.05906, -1.03841, -0.938077, -0.943368, -1.06669, -0.94635, -1.18807, -1.06329, -0.775605, 0.290908, 
m_0-- seq0:
24.3747, 14.5092, 10.1395, 7.3404, 5.66467, 4.46448, 3.56907, 2.90335, 2.40414, 1.90838, 1.55099, 1.54402, 1.59791, 1.54402, 1.55099, 1.90838, 2.40414, 2.90335, 3.56907, 4.46448, 5.66467, 7.3404, 10.1395, 14.5092, 
wilson seq0:
21.0268, 2.63267, 1.02454, 0.469441, 0.193794, 0.115444, 0.00431179, -0.00625853, -0.0179607, -0.15349, -0.0926201, -0.0864774, -0.0505493, -0.0864774, -0.0926201, -0.15349, -0.0179607, -0.00625853, 0.00431179, 0.115444, 0.193794, 0.469441, 1.02454, 2.63267, 
Plaqavg:
0.818829
m_0++ seq1:
20.6397, 0.311353, -0.752028, -0.997012, -1.09958, -1.07986, -0.967121, -1.13142, -1.12706, -0.857836, -1.07348, -1.06547, -0.960669, -1.06547, -1.07348, -0.857836, -1.12706, -1.13142, -0.967121, -1.07986, -1.09958, -0.997012, -0.752028, 0.311353, 
m_0-- seq1:
29.0484, 19.1666, 14.9902, 12.2514, 10.2558, 8.76798, 7.59154, 6.40871, 5.47873, 4.70991, 4.07263, 3.73394, 3.60235, 3.73394, 4.07263, 4.70991, 5.47873, 6.40871, 7.59154, 8.76798, 10.2558, 12.2514, 14.9902, 19.1666, 
wilson seq1:
20.8117, 2.42901, 0.844623, 0.330042, 0.193364, 0.135176, 0.0957851, 0.0677946, 0.03707, 0.0800844, 0.0890639, -0.0053194, 0.0341763, -0.0053194, 0.0890639, 0.0800844, 0.03707, 0.0677946, 0.0957851, 0.135176, 0.193364, 0.330042, 0.844623, 2.42901, 
Plaqavg:
0.818625
m_0++ seq2:
20.5678, 0.299842, -0.934884, -1.03201, -1.05865, -1.08518, -0.952352, -0.940307, -1.00555, -1.07905, -1.05803, -1.00667, -0.862167, -1.00667, -1.05803, -1.07905, -1.00555, -0.940307, -0.952352, -1.08518, -1.05865, -1.03201, -0.934884, 0.299842, 
m_0-- seq2:
25.6018, 15.3752, 10.6073, 7.38416, 5.14433, 3.46138, 2.1931, 1.35847, 0.889935, 0.675675, 0.948208, 1.39518, 1.57418, 1.39518, 0.948208, 0.675675, 0.889935, 1.35847, 2.1931, 3.46138, 5.14433, 7.38416, 10.6073, 15.3752, 
wilson seq2:
20.7655, 2.52727, 0.920361, 0.438997, 0.172792, 0.0385434, 0.0676176, 0.00530782, 0.0147126, -0.0496358, -0.0227478, 0.0266395, 0.0912336, 0.0266395, -0.0227478, -0.0496358, 0.0147126, 0.00530782, 0.0676176, 0.0385434, 0.172792, 0.438997, 0.920361, 2.52727, 
Plaqavg:
0.818634
m_0++ seq3:
20.5583, 0.319315, -0.830433, -0.904888, -0.96467, -1.0384, -1.01301, -1.02218, -1.03613, -1.06028, -1.15112, -1.04651, -1.06169, -1.04651, -1.15112, -1.06028, -1.03613, -1.02218, -1.01301, -1.0384, -0.96467, -0.904888, -0.830433, 0.319315, 
m_0-- seq3:
22.4251, 12.8504, 8.83811, 6.14837, 4.17363, 2.52706, 1.09104, 0.0277115, -0.495163, -0.826382, -0.848197, -0.943104, -0.920785, -0.943104, -0.848197, -0.826382, -0.495163, 0.0277115, 1.09104, 2.52706, 4.17363, 6.14837, 8.83811, 12.8504, 
wilson seq3:
21.0818, 2.78462, 1.06349, 0.543488, 0.261585, 0.134981, 0.0976554, 0.00825123, -0.0692103, 0.0315446, -0.0154104, 0.102193, 0.0848222, 0.102193, -0.0154104, 0.0315446, -0.0692103, 0.00825123, 0.0976554, 0.134981, 0.261585, 0.543488, 1.06349, 2.78462, 
Plaqavg:
0.818953
m_0++ seq4:
20.6005, 0.335077, -0.94615, -0.968099, -0.980025, -1.05176, -1.04957, -1.06631, -0.966978, -1.06297, -1.01704, -1.07846, -0.895913, -1.07846, -1.01704, -1.06297, -0.966978, -1.06631, -1.04957, -1.05176, -0.980025, -0.968099, -0.94615, 0.335077, 
m_0-- seq4:
25.1965, 15.2324, 10.9099, 8.05122, 5.98652, 4.60059, 3.92058, 3.66272, 3.35913, 3.12362, 3.14443, 3.22259, 3.33526, 3.22259, 3.14443, 3.12362, 3.35913, 3.66272, 3.92058, 4.60059, 5.98652, 8.05122, 10.9099, 15.2324, 
wilson seq4:
20.7974, 2.44517, 0.826243, 0.354287, 0.204331, 0.0694573, 0.0201505, -0.0422286, 0.0412096, -0.0285429, -0.016164, -0.133304, -0.129289, -0.133304, -0.016164, -0.0285429, 0.0412096, -0.0422286, 0.0201505, 0.0694573, 0.204331, 0.354287, 0.826243, 2.44517, 
Plaqavg:
0.818749
m_0++ seq5:
20.5077, 0.309199, -0.865616, -0.998882, -1.037, -1.0764, -1.03839, -1.04044, -1.03544, -0.989108, -1.06997, -0.9447, -0.934166, -0.9447, -1.06997, -0.989108, -1.03544, -1.04044, -1.03839, -1.0764, -1.037, -0.998882, -0.865616, 0.309199, 
m_0-- seq5:
25.4861, 15.4498, 11.1399, 8.16213, 6.10112, 4.80794, 3.84104, 3.26456, 3.04377, 2.95062, 3.12751, 3.20409, 3.15351, 3.20409, 3.12751, 2.95062, 3.04377, 3.26456, 3.84104, 4.80794, 6.10112, 8.16213, 11.1399, 15.4498, 
wilson seq5:
20.8632, 2.57295, 0.921927, 0.382122, 0.174468, 0.11879, 0.0257027, 0.00981388, -0.0353421, 0.0284803, 0.03789, 0.0854009, 0.123779, 0.0854009, 0.03789, 0.0284803, -0.0353421, 0.00981388, 0.0257027, 0.11879, 0.174468, 0.382122, 0.921927, 2.57295, 
Plaqavg:
0.818758
m_0++ seq0:
20.4355, 0.321019, -0.785818, -0.947614, -1.02702, -1.07098, -1.00583, -1.02413, -0.943525, -1.10676, -1.07109, -1.07601, -0.959956, -1.07601, -1.07109, -1.10676, -0.943525, -1.02413, -1.00583, -1.07098, -1.02702, -0.947614, -0.785818, 0.321019, 
m_0-- seq0:
26.2149, 16.0707, 11.7524, 8.99656, 7.08995, 5.55729, 4.37732, 3.64984, 3.24491, 2.73055, 2.38031, 2.26521, 2.22415, 2.26521, 2.38031, 2.73055, 3.24491, 3.64984, 4.37732, 5.55729, 7.08995, 8.99656, 11.7524, 16.0707, 
wilson seq0:
20.7456, 2.43945, 0.86109, 0.430929, 0.256844, 0.209814, 0.181024, 0.0848831, 0.0641643, 0.0268736, 0.000902271, -0.0133339, 0.0225219, -0.0133339, 0.000902271, 0.0268736, 0.0641643, 0.0848831, 0.181024, 0.209814, 0.256844, 0.430929, 0.86109, 2.43945, 
Plaqavg:
0.818675
m_0++ seq1:
20.6794, 0.210703, -0.94579, -1.06662, -1.14235, -0.993714, -1.01919, -0.994021, -0.943812, -1.01203, -0.973021, -0.968962, -0.981764, -0.968962, -0.973021, -1.01203, -0.943812, -0.994021, -1.01919, -0.993714, -1.14235, -1.06662, -0.94579, 0.210703, 
m_0-- seq1:
26.2553, 15.9045, 11.2194, 7.93656, 5.43736, 3.40251, 1.73269, 0.421447, -0.606914, -1.41436, -1.97506, -2.20426, -2.29904, -2.20426, -1.97506, -1.41436, -0.606914, 0.421447, 1.73269, 3.40251, 5.43736, 7.93656, 11.2194, 15.9045, 
wilson seq1:
20.8883, 2.57379, 0.91756, 0.361186, 0.18016, 0.0742812, -0.0162658, -0.0560872, -0.09734, -0.0420816, -0.0592404, -0.152464, -0.127133, -0.152464, -0.0592404, -0.0420816, -0.09734, -0.0560872, -0.0162658, 0.0742812, 0.18016, 0.361186, 0.91756, 2.57379, 
Plaqavg:
0.818629
m_0++ seq2:
20.5117, 0.292627, -0.871968, -1.00449, -0.913318, -0.992789, -0.96024, -1.0218, -1.04871, -1.12024, -1.04587, -1.07688, -0.984366, -1.07688, -1.04587, -1.12024, -1.04871, -1.0218, -0.96024, -0.992789, -0.913318, -1.00449, -0.871968, 0.292627, 
m_0-- seq2:
22.7777, 12.12, 7.37322, 4.2071, 2.05797, 0.71818, -0.141015, -0.780079, -0.912525, -0.722618, -0.466353, -0.553923, -0.629216, -0.553923, -0.466353, -0.722618, -0.912525, -0.780079, -0.141015, 0.71818, 2.05797, 4.2071, 7.37322, 12.12, 
wilson seq2:
20.8194, 2.50783, 0.875954, 0.377452, 0.179044, 0.0956509, 0.0289331, 0.00239734, 0.0319104, -0.00572981, -0.0402436, -0.0413066, -0.086306, -0.0413066, -0.0402436, -0.00572981, 0.0319104, 0.00239734, 0.0289331, 0.0956509, 0.179044, 0.377452, 0.875954, 2.50783, 
Plaqavg:
0.818425
m_0++ seq3:
20.439, 0.258126, -0.789822, -1.00064, -0.980618, -1.07674, -1.01709, -0.966104, -1.02909, -1.00014, -0.957714, -1.19032, -0.938679, -1.19032, -0.957714, -1.00014, -1.02909, -0.966104, -1.01709, -1.07674, -0.980618, -1.00064, -0.789822, 0.258126, 
m_0-- seq3:
28.505, 18.7277, 14.3841, 11.5464, 9.53875, 8.06076, 6.72476, 5.62396, 4.79709, 4.29757, 3.92633, 3.60204, 3.51182, 3.60204, 3.92633, 4.29757, 4.79709, 5.62396, 6.72476, 8.06076, 9.53875, 11.5464, 14.3841, 18.7277, 
wilson seq3:
20.8375, 2.55319, 0.915241, 0.419603, 0.233187, 0.108392, 0.02004, 0.0337732, 0.0178051, 0.0809924, -0.0112488, -0.058025, 0.0534188, -0.058025, -0.0112488, 0.0809924, 0.0178051, 0.0337732, 0.02004, 0.108392, 0.233187, 0.419603, 0.915241, 2.55319, 
Plaqavg:
0.818925
m_0++ seq4:
20.5304, 0.362185, -0.817264, -0.985913, -1.04672, -0.864645, -1.02564, -0.968596, -1.06884, -1.12291, -1.15661, -1.06818, -1.00406, -1.06818, -1.15661, -1.12291, -1.06884, -0.968596, -1.02564, -0.864645, -1.04672, -0.985913, -0.817264, 0.362185, 
m_0-- seq4:
29.6337, 19.9703, 15.6582, 12.6617, 10.184, 8.43909, 7.08793, 6.02992, 5.23777, 4.54865, 3.92672, 3.64626, 3.63255, 3.64626, 3.92672, 4.54865, 5.23777, 6.02992, 7.08793, 8.43909, 10.184, 12.6617, 15.6582, 19.9703, 
wilson seq4:
20.7728, 2.45427, 0.881493, 0.34006, 0.173204, 0.0646409, -0.0243917, -0.0239789, -0.0448206, 0.0225183, 0.00600332, 0.0079766, 0.122196, 0.0079766, 0.00600332, 0.0225183, -0.0448206, -0.0239789, -0.0243917, 0.0646409, 0.173204, 0.34006, 0.881493, 2.45427, 
Plaqavg:
0.81885
m_0++ seq5:
20.5013, 0.316066, -0.798738, -0.946948, -1.09891, -1.01677, -0.995131, -1.15898, -0.960442, -0.950986, -1.0056, -1.13852, -0.991401, -1.13852, -1.0056, -0.950986, -0.960442, -1.15898, -0.995131, -1.01677, -1.09891, -0.946948, -0.798738, 0.316066, 
m_0-- seq5:
21.622, 12.1487, 8.32262, 5.72586, 4.03053, 2.67995, 1.7534, 1.15864, 0.714981, 0.450703, 0.216129, 0.115519, 0.140014, 0.115519, 0.216129, 0.450703, 0.714981, 1.15864, 1.7534, 2.67995, 4.03053, 5.72586, 8.32262, 12.1487, 
wilson seq5:
20.9313, 2.71637, 1.0265, 0.544949, 0.354794, 0.224552, 0.0838643, 0.095538, 0.0953155, 0.022436, -0.0921886, -0.123397, -0.146644, -0.123397, -0.0921886, 0.022436, 0.0953155, 0.095538, 0.0838643, 0.224552, 0.354794, 0.544949, 1.0265, 2.71637, 
Plaqavg:
0.819053
m_0++ seq0:
20.4862, 0.276631, -0.861342, -1.11058, -0.975069, -0.912324, -1.07239, -1.01388, -0.959659, -1.02541, -1.06311, -0.949715, -1.15255, -0.949715, -1.06311, -1.02541, -0.959659, -1.01388, -1.07239, -0.912324, -0.975069, -1.11058, -0.861342, 0.276631, 
m_0-- seq0:
23.0703, 13.5096, 9.25562, 6.29292, 4.15653, 2.55018, 1.34296, 0.50158, 0.0793327, -0.332675, -0.830033, -1.114, -1.28035, -1.114, -0.830033, -0.332675, 0.0793327, 0.50158, 1.34296, 2.55018, 4.15653, 6.29292, 9.25562, 13.5096, 
wilson seq0:
21.0921, 2.69661, 0.969111, 0.414686, 0.186886, 0.151878, 0.0370926, -0.000400539, -0.0328218, -0.0281825, -0.0411424, -0.0197844, 0.0152609, -0.0197844, -0.0411424, -0.0281825, -0.0328218, -0.000400539, 0.0370926, 0.151878, 0.186886, 0.414686, 0.969111, 2.69661, 
Plaqavg:
0.819016
m_0++ seq1:
20.6404, 0.286749, -0.841401, -1.02303, -1.10221, -1.01928, -0.94049, -0.9631, -1.06443, -1.09546, -1.01612, -1.04992, -0.983032, -1.04992, -1.01612, -1.09546, -1.06443, -0.9631, -0.94049, -1.01928, -1.10221, -1.02303, -0.841401, 0.286749, 
m_0-- seq1:
22.3835, 12.3765, 8.03254, 5.17804, 3.31442, 2.14681, 1.52826, 1.24314, 1.41882, 1.68341, 2.05819, 2.73764, 2.90171, 2.73764, 2.05819, 1.68341, 1.41882, 1.24314, 1.52826, 2.14681, 3.31442, 5.17804, 8.03254, 12.3765, 
wilson seq1:
20.9834, 2.58893, 0.955697, 0.391307, 0.114289, 0.154176, 0.115305, 0.0432681, 0.019368, 0.0393914, -0.00652536, 0.0122408, -0.0168957, 0.0122408, -0.00652536, 0.0393914, 0.019368, 0.0432681, 0.115305, 0.154176, 0.114289, 0.391307, 0.955697, 2.58893, 
Plaqavg:
0.818738
m_0++ seq2:
20.6213, 0.331718, -0.824174, -0.914049, -0.943141, -1.03935, -1.04503, -0.994955, -1.0342, -1.09773, -1.03651, -1.12588, -1.17465, -1.12588, -1.03651, -1.09773, -1.0342, -0.994955, -1.04503, -1.03935, -0.943141, -0.914049, -0.824174, 0.331718, 
m_0-- seq2:
25.827, 16.3415, 12.351, 9.53059, 7.46534, 6.07427, 4.94469, 4.05785, 3.22285, 2.38925, 1.80251, 1.44244, 1.32315, 1.44244, 1.80251, 2.38925, 3.22285, 4.05785, 4.94469, 6.07427, 7.46534, 9.53059, 12.351, 16.3415, 
wilson seq2:
21.006, 2.66458, 1.04732, 0.482404, 0.0981053, 0.0180801, -0.0135705, -0.00545754, -0.00118863, 0.0225331, 0.0309526, 0.012033, 0.146386, 0.012033, 0.0309526, 0.0225331, -0.00118863, -0.00545754, -0.0135705, 0.0180801, 0.0981053, 0.482404, 1.04732, 2.66458, 
Plaqavg:
0.81899
m_0++ seq3:
20.5215, 0.358568, -0.877863, -1.00266, -0.941759, -0.934696, -1.09562, -1.08275, -1.1055, -0.888024, -1.03769, -1.11876, -1.06799, -1.11876, -1.03769, -0.888024, -1.1055, -1.08275, -1.09562, -0.934696, -0.941759, -1.00266, -0.877863, 0.358568, 
m_0-- seq3:
22.0963, 12.2039, 7.86992, 5.00793, 3.20519, 1.9307, 1.19586, 0.621937, 0.228906, 0.123728, 0.108841, -0.00206417, 0.0117382, -0.00206417, 0.108841, 0.123728, 0.228906, 0.621937, 1.19586, 1.9307, 3.20519, 5.00793, 7.86992, 12.2039, 
wilson seq3:
21.0136, 2.67208, 1.02454, 0.433603, 0.211374, 0.102484, 0.0395226, -0.00102159, -0.024742, 0.00925303, 0.0178885, 0.0292924, 0.0654493, 0.0292924, 0.0178885, 0.00925303, -0.024742, -0.00102159, 0.0395226, 0.102484, 0.211374, 0.433603, 1.02454, 2.67208, 
Plaqavg:
0.818848
m_0++ seq4:
20.4766, 0.238476, -0.934502, -0.919677, -1.05888, -1.03371, -1.11712, -1.09491, -0.963267, -1.00327, -0.958108, -0.932738, -0.92116, -0.932738, -0.958108, -1.00327, -0.963267, -1.09491, -1.11712, -1.03371, -1.05888, -0.919677, -0.934502, 0.238476, 
m_0-- seq4:
22.4331, 12.4703, 8.01299, 5.15695, 3.10871, 1.7812, 0.894588, 0.212203, -0.0257692, 0.00261357, -0.0422802, 0.120666, 0.119321, 0.120666, -0.0422802, 0.00261357, -0.0257692, 0.212203, 0.894588, 1.7812, 3.10871, 5.15695, 8.01299, 12.4703, 
wilson seq4:
21.079, 2.72915, 1.01334, 0.495688, 0.298523, 0.0917659, -0.00502221, 0.0306258, 0.0677256, 0.0683887, 0.0199704, -0.0573589, 0.0338406, -0.0573589, 0.0199704, 0.0683887, 0.0677256, 0.0306258, -0.00502221, 0.0917659, 0.298523, 0.495688, 1.01334, 2.72915, 
Plaqavg:
0.818775
m_0++ seq5:
20.4792, 0.329121, -0.863801, -0.935776, -0.865942, -1.01711, -1.06836, -1.03954, -0.996412, -0.999066, -1.03321, -1.17014, -1.15874, -1.17014, -1.03321, -0.999066, -0.996412, -1.03954, -1.06836, -1.01711, -0.865942, -0.935776, -0.863801, 0.329121, 
m_0-- seq5:
22.2298, 12.3449, 8.17559, 5.52339, 3.81654, 2.7081, 1.9885, 1.60466, 1.53145, 1.71541, 1.61841, 1.4365, 1.33487, 1.4365, 1.61841, 1.71541, 1.53145, 1.60466, 1.9885, 2.7081, 3.81654, 5.52339, 8.17559, 12.3449, 
wilson seq5:
20.9988, 2.59322, 0.911002, 0.475034, 0.169383, 0.1209, 0.0927369, 0.0631543, 0.014039, 0.0196643, 0.0867122, 0.0768061, 0.0736578, 0.0768061, 0.0867122, 0.0196643, 0.014039, 0.0631543, 0.0927369, 0.1209, 0.169383, 0.475034, 0.911002, 2.59322, 
Plaqavg:
0.818767
m_0++ seq0:
20.5607, 0.26289, -0.835, -1.01896, -0.959823, -1.03597, -0.966659, -1.04774, -1.01508, -1.1058, -1.02168, -1.00361, -1.06579, -1.00361, -1.02168, -1.1058, -1.01508, -1.04774, -0.966659, -1.03597, -0.959823, -1.01896, -0.835, 0.26289, 
m_0-- seq0:
25.2153, 15.0394, 10.2901, 6.88308, 4.28344, 2.26258, 0.738043, -0.472047, -1.2381, -1.636, -1.69548, -1.66308, -1.53269, -1.66308, -1.69548, -1.636, -1.2381, -0.472047, 0.738043, 2.26258, 4.28344, 6.88308, 10.2901, 15.0394, 
wilson seq0:
20.9252, 2.55526, 0.922679, 0.329727, 0.114484, -0.00907004, 0.0168157, -0.0876421, -0.101926, -0.0872051, -0.114599, -0.138617, -0.0574366, -0.138617, -0.114599, -0.0872051, -0.101926, -0.0876421, 0.0168157, -0.00907004, 0.114484, 0.329727, 0.922679, 2.55526, 
Plaqavg:
0.818637
m_0++ seq1:
20.6382, 0.200036, -0.871405, -0.966021, -1.10802, -1.04259, -0.992745, -0.938333, -0.890697, -1.02402, -0.995376, -1.11963, -1.14062, -1.11963, -0.995376, -1.02402, -0.890697, -0.938333, -0.992745, -1.04259, -1.10802, -0.966021, -0.871405, 0.200036, 
m_0-- seq1:
23.3161, 13.4172, 8.99793, 5.96812, 3.75217, 2.188, 1.13724, 0.460232, 0.352023, 0.605583, 1.02346, 1.46043, 1.6774, 1.46043, 1.02346, 0.605583, 0.352023, 0.460232, 1.13724, 2.188, 3.75217, 5.96812, 8.99793, 13.4172, 
wilson seq1:
21.0318, 2.65212, 0.963833, 0.486039, 0.250417, 0.192255, 0.0766285, 0.0647858, -0.00358176, -0.022457, 0.0425796, 0.0207402, 0.0236063, 0.0207402, 0.0425796, -0.022457, -0.00358176, 0.0647858, 0.0766285, 0.192255, 0.250417, 0.486039, 0.963833, 2.65212, 
Plaqavg:
0.81881
m_0++ seq2:
20.5275, 0.232978, -0.874739, -0.92428, -1.075, -1.01373, -1.04307, -0.954, -1.12084, -1.00271, -1.06148, -0.941676, -0.970385, -0.941676, -1.06148, -1.00271, -1.12084, -0.954, -1.04307, -1.01373, -1.075, -0.92428, -0.874739, 0.232978, 
m_0-- seq2:
28.1078, 18.2776, 13.9379, 10.8951, 8.84541, 7.21453, 5.93161, 4.93296, 4.00067, 3.31641, 2.56442, 2.03119, 1.76119, 2.03119, 2.56442, 3.31641, 4.00067, 4.93296, 5.93161, 7.21453, 8.84541, 10.8951, 13.9379, 18.2776, 
wilson seq2:
20.9232, 2.50596, 0.90611, 0.41585, 0.117779, 0.0440677, -0.0373177, -0.0349422, 0.0055519, 0.039241, 0.0373385, 0.0331681, 0.0485487, 0.0331681, 0.0373385, 0.039241, 0.0055519, -0.0349422, -0.0373177, 0.0440677, 0.117779, 0.41585, 0.90611, 2.50596, 
Plaqavg:
0.818794
m_0++ seq3:
20.612, 0.341413, -0.884283, -1.00475, -0.974778, -0.959449, -1.14261, -1.06978, -1.10809, -0.966039, -0.976036, -1.0142, -1.09474, -1.0142, -0.976036, -0.966039, -1.10809, -1.06978, -1.14261, -0.959449, -0.974778, -1.00475, -0.884283, 0.341413, 
m_0-- seq3:
24.599, 14.8503, 10.4641, 7.4023, 5.24338, 4.01935, 3.3366, 2.87574, 2.58098, 2.27077, 2.06746, 1.9816, 1.84989, 1.9816, 2.06746, 2.27077, 2.58098, 2.87574, 3.3366, 4.01935, 5.24338, 7.4023, 10.4641, 14.8503, 
wilson seq3:
21.0587, 2.71671, 0.94642, 0.433277, 0.123943, -0.0187304, -0.0551496, -0.0709697, -0.0125371, 0.00272882, 0.0551565, 0.0704103, 0.0862893, 0.0704103, 0.0551565, 0.00272882, -0.0125371, -0.0709697, -0.0551496, -0.0187304, 0.123943, 0.433277, 0.94642, 2.71671, 
Plaqavg:
0.818871
m_0++ seq4:
20.523, 0.303676, -0.794691, -0.993069, -1.00317, -0.983479, -1.05488, -1.08888, -1.05873, -0.954892, -0.992186, -1.12218, -1.03806, -1.12218, -0.992186, -0.954892, -1.05873, -1.08888, -1.05488, -0.983479, -1.00317, -0.993069, -0.794691, 0.303676, 
m_0-- seq4:
25.6176, 15.6057, 11.3682, 8.60105, 6.72362, 5.42224, 4.47679, 3.70796, 3.22033, 2.9739, 2.83434, 2.86513, 2.86099, 2.86513, 2.83434, 2.9739, 3.22033, 3.70796, 4.47679, 5.42224, 6.72362, 8.60105, 11.3682, 15.6057, 
wilson seq4:
20.9004, 2.57313, 0.932489, 0.435897, 0.187526, 0.0626301, 0.111941, 0.143142, 0.0433941, 0.0287956, -0.00843676, -0.0706255, -0.0547816, -0.0706255, -0.00843676, 0.0287956, 0.0433941, 0.143142, 0.111941, 0.0626301, 0.187526, 0.435897, 0.932489, 2.57313, 
Plaqavg:
0.818747
m_0++ seq5:
20.694, 0.318791, -0.837576, -1.01074, -0.998685, -0.977235, -1.05771, -1.08874, -1.02697, -1.07478, -1.00702, -1.0225, -1.12763, -1.0225, -1.00702, -1.07478, -1.02697, -1.08874, -1.05771, -0.977235, -0.998685, -1.01074, -0.837576, 0.318791, 
m_0-- seq5:
25.4961, 15.4875, 10.8658, 7.76384, 5.50466, 3.96348, 2.81825, 2.19592, 1.8407, 1.65164, 1.56518, 1.63885, 1.59924, 1.63885, 1.56518, 1.65164, 1.8407, 2.19592, 2.81825, 3.96348, 5.50466, 7.76384, 10.8658, 15.4875, 
wilson seq5:
20.8862, 2.56906, 0.982936, 0.449562, 0.139263, 0.0261398, -0.00264065, -0.0063939, 0.0101571, 0.0711628, 0.111291, -0.00632772, -0.0832701, -0.00632772, 0.111291, 0.0711628, 0.0101571, -0.0063939, -0.00264065, 0.0261398, 0.139263, 0.449562, 0.982936, 2.56906, 
Plaqavg:
0.81878
m_0++ seq0:
20.3224, 0.321405, -0.860845, -0.965565, -1.07047, -1.02084, -0.990788, -1.01088, -1.03401, -0.923124, -1.08011, -1.02874, -0.994421, -1.02874, -1.08011, -0.923124, -1.03401, -1.01088, -0.990788, -1.02084, -1.07047, -0.965565, -0.860845, 0.321405, 
m_0-- seq0:
24.5103, 15.3794, 11.6318, 9.04911, 7.05798, 5.50204, 4.32286, 3.5631, 3.00222, 2.59216, 2.38646, 2.33895, 2.31295, 2.33895, 2.38646, 2.59216, 3.00222, 3.5631, 4.32286, 5.50204, 7.05798, 9.04911, 11.6318, 15.3794, 
wilson seq0:
20.9723, 2.68972, 0.986051, 0.464979, 0.230526, 0.0615, -0.0329203, 0.0653922, 0.091127, 0.116467, 0.093675, 0.15782, 0.219244, 0.15782, 0.093675, 0.116467, 0.091127, 0.0653922, -0.0329203, 0.0615, 0.230526, 0.464979, 0.986051, 2.68972, 
Plaqavg:
0.819116
m_0++ seq1:
20.6436, 0.347859, -0.909604, -0.901425, -0.941009, -0.9411, -1.03473, -1.05582, -1.07548, -0.98476, -1.14704, -1.10616, -1.14502, -1.10616, -1.14704, -0.98476, -1.07548, -1.05582, -1.03473, -0.9411, -0.941009, -0.901425, -0.909604, 0.347859, 
m_0-- seq1:
26.8062, 16.4346, 11.6148, 8.17598, 5.67266, 3.84029, 2.58999, 1.5949, 0.92457, 0.675637, 0.502882, 0.261429, 0.201301, 0.261429, 0.502882, 0.675637, 0.92457, 1.5949, 2.58999, 3.84029, 5.67266, 8.17598, 11.6148, 16.4346, 
wilson seq1:
20.9407, 2.56116, 0.999689, 0.513029, 0.279912, 0.159305, 0.110848, 0.00554255, 0.0166893, 0.0269403, 0.0332229, 0.0810897, 0.0998275, 0.0810897, 0.0332229, 0.0269403, 0.0166893, 0.00554255, 0.110848, 0.159305, 0.279912, 0.513029, 0.999689, 2.56116, 
Plaqavg:
0.818549
m_0++ seq2:
20.617, 0.474361, -0.848149, -1.03412, -1.167, -1.09921, -1.0999, -1.05817, -1.04196, -0.951433, -0.962228, -0.992961, -1.0555, -0.992961, -0.962228, -0.951433, -1.04196, -1.05817, -1.0999, -1.09921, -1.167, -1.03412, -0.848149, 0.474361, 
m_0-- seq2:
26.1263, 15.8914, 11.0807, 7.81351, 5.78712, 4.42686, 3.59179, 3.19569, 3.06335, 3.07924, 3.2191, 3.50107, 3.64819, 3.50107, 3.2191, 3.07924, 3.06335, 3.19569, 3.59179, 4.42686, 5.78712, 7.81351, 11.0807, 15.8914, 
wilson seq2:
20.7857, 2.51603, 0.969556, 0.470002, 0.216607, 0.139315, -0.00353922, -0.0731836, -0.0656423, -0.00997754, -0.00803171, -0.0175687, 0.0540677, -0.0175687, -0.00803171, -0.00997754, -0.0656423, -0.0731836, -0.00353922, 0.139315, 0.216607, 0.470002, 0.969556, 2.51603, 
Plaqavg:
0.818721
m_0++ seq3:
20.5225, 0.200125, -0.877948, -0.950722, -1.01415, -1.0911, -0.981927, -0.956266, -1.08211, -0.996172, -0.956515, -0.982228, -1.14449, -0.982228, -0.956515, -0.996172, -1.08211, -0.956266, -0.981927, -1.0911, -1.01415, -0.950722, -0.877948, 0.200125, 
m_0-- seq3:
23.1105, 12.7378, 8.12933, 5.2777, 3.23102, 1.56623, 0.300266, -0.553381, -0.978829, -1.07467, -1.10957, -1.2018, -1.14842, -1.2018, -1.10957, -1.07467, -0.978829, -0.553381, 0.300266, 1.56623, 3.23102, 5.2777, 8.12933, 12.7378, 
wilson seq3:
20.8556, 2.52028, 0.859574, 0.451273, 0.211604, 0.150269, 0.108113, 0.0551469, 0.0208076, 0.0292147, 0.0591928, 0.0314618, 0.0196787, 0.0314618, 0.0591928, 0.0292147, 0.0208076, 0.0551469, 0.108113, 0.150269, 0.211604, 0.451273, 0.859574, 2.52028, 
Plaqavg:
0.818675
m_0++ seq4:
20.5516, 0.329283, -0.826356, -0.985632, -0.972086, -1.03241, -1.15287, -1.07694, -0.997185, -1.10335, -1.0042, -0.972067, -0.964001, -0.972067, -1.0042, -1.10335, -0.997185, -1.07694, -1.15287, -1.03241, -0.972086, -0.985632, -0.826356, 0.329283, 
m_0-- seq4:
25.6355, 15.4938, 10.9613, 8.16172, 6.06176, 4.63383, 3.84526, 3.24364, 3.18631, 3.50385, 3.91216, 4.30424, 4.54963, 4.30424, 3.91216, 3.50385, 3.18631, 3.24364, 3.84526, 4.63383, 6.06176, 8.16172, 10.9613, 15.4938, 
wilson seq4:
20.8119, 2.52861, 0.898198, 0.424754, 0.199996, 0.0631818, 0.0398013, 0.0527137, 0.0498919, 0.0830438, -0.0207805, -0.0213904, 0.00185193, -0.0213904, -0.0207805, 0.0830438, 0.0498919, 0.0527137, 0.0398013, 0.0631818, 0.199996, 0.424754, 0.898198, 2.52861, 
Plaqavg:
0.818682
m_0++ seq5:
20.5073, 0.266607, -0.865708, -0.991498, -1.05446, -0.977093, -1.16863, -1.00305, -0.947397, -0.914878, -0.961639, -1.05126, -1.16923, -1.05126, -0.961639, -0.914878, -0.947397, -1.00305, -1.16863, -0.977093, -1.05446, -0.991498, -0.865708, 0.266607, 
m_0-- seq5:
21.8011, 11.5472, 6.89822, 3.93502, 2.55207, 1.98345, 1.81088, 1.78074, 1.71294, 1.73897, 2.02396, 2.22543, 2.3855, 2.22543, 2.02396, 1.73897, 1.71294, 1.78074, 1.81088, 1.98345, 2.55207, 3.93502, 6.89822, 11.5472, 
wilson seq5:
21.0105, 2.59518, 1.04327, 0.458826, 0.243585, 0.150687, 0.0161795, -0.0355198, 0.0101256, -0.119309, -0.102009, 0.00390035, -0.0920364, 0.00390035, -0.102009, -0.119309, 0.0101256, -0.0355198, 0.0161795, 0.150687, 0.243585, 0.458826, 1.04327, 2.59518, 
Plaqavg:
0.818636