Equilibriated:300
m_0++ seq0:
16.2966, 0.0623941, -0.728217, -0.846853, -0.699624, -0.721003, -0.820014, -0.726902, -0.776885, -0.871508, -0.806025, -0.814671, -0.797963, -0.814671, -0.806025, -0.871508, -0.776885, -0.726902, -0.820014, -0.721003, -0.699624, -0.846853, -0.728217, 0.0623941, 
m_0-- seq0:
15.5959, 10.7831, 9.10772, 7.87833, 7.0637, 6.48296, 6.02979, 5.55023, 5.15513, 4.91077, 4.75758, 4.67306, 4.692, 4.67306, 4.75758, 4.91077, 5.15513, 5.55023, 6.02979, 6.48296, 7.0637, 7.87833, 9.10772, 10.7831, 
wilson seq0:
22.9855, 4.70589, 2.31901, 1.36884, 0.823507, 0.540145, 0.368459, 0.296635, 0.269934, 0.18532, 0.0935901, 0.0736422, 0.0885418, 0.0736422, 0.0935901, 0.18532, 0.269934, 0.296635, 0.368459, 0.540145, 0.823507, 1.36884, 2.31901, 4.70589, 
Plaqavg:
0.8388
m_0++ seq1:
16.2376, 0.06931, -0.650545, -0.801776, -0.715458, -0.692256, -0.790358, -0.744488, -0.785052, -0.82779, -0.926655, -0.838933, -0.829642, -0.838933, -0.926655, -0.82779, -0.785052, -0.744488, -0.790358, -0.692256, -0.715458, -0.801776, -0.650545, 0.06931, 
m_0-- seq1:
13.1047, 8.22052, 6.49967, 5.15394, 4.08162, 3.27166, 2.64852, 2.01659, 1.55084, 1.2202, 1.00649, 0.795467, 0.743517, 0.795467, 1.00649, 1.2202, 1.55084, 2.01659, 2.64852, 3.27166, 4.08162, 5.15394, 6.49967, 8.22052, 
wilson seq1:
23.2172, 4.94078, 2.50959, 1.51864, 0.881116, 0.555717, 0.330848, 0.191479, 0.000727924, -0.0993861, -0.102645, -0.0821839, -0.0798639, -0.0821839, -0.102645, -0.0993861, 0.000727924, 0.191479, 0.330848, 0.555717, 0.881116, 1.51864, 2.50959, 4.94078, 
Plaqavg:
0.838774
m_0++ seq2:
16.1918, 0.11049, -0.747868, -0.810966, -0.764206, -0.777172, -0.750904, -0.776256, -0.78695, -0.812066, -0.825017, -0.76601, -0.777966, -0.76601, -0.825017, -0.812066, -0.78695, -0.776256, -0.750904, -0.777172, -0.764206, -0.810966, -0.747868, 0.11049, 
m_0-- seq2:
15.0674, 9.74626, 7.48338, 5.79747, 4.49031, 3.51415, 2.87867, 2.40402, 2.07631, 1.86736, 1.70909, 1.65289, 1.60695, 1.65289, 1.70909, 1.86736, 2.07631, 2.40402, 2.87867, 3.51415, 4.49031, 5.79747, 7.48338, 9.74626, 
wilson seq2:
22.9416, 4.56222, 2.1718, 1.25764, 0.783558, 0.524956, 0.34296, 0.258322, 0.306826, 0.243192, 0.224958, 0.145157, 0.0901941, 0.145157, 0.224958, 0.243192, 0.306826, 0.258322, 0.34296, 0.524956, 0.783558, 1.25764, 2.1718, 4.56222, 
Plaqavg:
0.838666
m_0++ seq3:
16.1925, 0.0590016, -0.723077, -0.77033, -0.796988, -0.791088, -0.809972, -0.82718, -0.79305, -0.759804, -0.760531, -0.759383, -0.72766, -0.759383, -0.760531, -0.759804, -0.79305, -0.82718, -0.809972, -0.791088, -0.796988, -0.77033, -0.723077, 0.0590016, 
m_0-- seq3:
13.9322, 9.08935, 7.23446, 5.66621, 4.49184, 3.59502, 2.86299, 2.32204, 1.81399, 1.42689, 1.14245, 0.861246, 0.758508, 0.861246, 1.14245, 1.42689, 1.81399, 2.32204, 2.86299, 3.59502, 4.49184, 5.66621, 7.23446, 9.08935, 
wilson seq3:
23.0695, 4.76005, 2.39532, 1.41246, 0.929669, 0.68061, 0.399738, 0.264776, 0.208297, 0.159383, 0.167439, 0.213385, 0.281508, 0.213385, 0.167439, 0.159383, 0.208297, 0.264776, 0.399738, 0.68061, 0.929669, 1.41246, 2.39532, 4.76005, 
Plaqavg:
0.838781
m_0++ seq4:
16.1177, 0.0936805, -0.619507, -0.748651, -0.795593, -0.73784, -0.71649, -0.809267, -0.817398, -0.810284, -0.861679, -0.845042, -0.78153, -0.845042, -0.861679, -0.810284, -0.817398, -0.809267, -0.71649, -0.73784, -0.795593, -0.748651, -0.619507, 0.0936805, 
m_0-- seq4:
9.9272, 5.28829, 3.82581, 2.83376, 2.0308, 1.35826, 0.776304, 0.400807, 0.128386, -0.116184, -0.299453, -0.361738, -0.371437, -0.361738, -0.299453, -0.116184, 0.128386, 0.400807, 0.776304, 1.35826, 2.0308, 2.83376, 3.82581, 5.28829, 
wilson seq4:
23.708, 5.24888, 2.72267, 1.5128, 0.938822, 0.564504, 0.279938, 0.159133, 0.159294, 0.187341, 0.157143, 0.24033, 0.228595, 0.24033, 0.157143, 0.187341, 0.159294, 0.159133, 0.279938, 0.564504, 0.938822, 1.5128, 2.72267, 5.24888, 
Plaqavg:
0.838919
m_0++ seq5:
16.1417, 0.0979561, -0.711192, -0.794898, -0.839059, -0.796659, -0.772324, -0.827426, -0.797204, -0.771894, -0.68808, -0.790278, -0.759608, -0.790278, -0.68808, -0.771894, -0.797204, -0.827426, -0.772324, -0.796659, -0.839059, -0.794898, -0.711192, 0.0979561, 
m_0-- seq5:
9.20925, 4.95387, 3.68191, 2.68587, 1.9182, 1.38786, 1.08664, 0.86366, 0.784897, 0.732391, 0.695631, 0.640237, 0.618343, 0.640237, 0.695631, 0.732391, 0.784897, 0.86366, 1.08664, 1.38786, 1.9182, 2.68587, 3.68191, 4.95387, 
wilson seq5:
23.9222, 5.5321, 3.16354, 2.01187, 1.36926, 0.94743, 0.635091, 0.393653, 0.235649, 0.160641, 0.128178, 0.124932, 0.0682405, 0.124932, 0.128178, 0.160641, 0.235649, 0.393653, 0.635091, 0.94743, 1.36926, 2.01187, 3.16354, 5.5321, 
Plaqavg:
0.839036
m_0++ seq0:
16.2506, 0.106648, -0.694275, -0.733144, -0.776494, -0.750394, -0.833517, -0.877366, -0.745545, -0.750261, -0.83438, -0.825863, -0.821409, -0.825863, -0.83438, -0.750261, -0.745545, -0.877366, -0.833517, -0.750394, -0.776494, -0.733144, -0.694275, 0.106648, 
m_0-- seq0:
13.1493, 8.15229, 6.17777, 4.63475, 3.32142, 2.3946, 1.64943, 1.12395, 0.728267, 0.613932, 0.603884, 0.631389, 0.648494, 0.631389, 0.603884, 0.613932, 0.728267, 1.12395, 1.64943, 2.3946, 3.32142, 4.63475, 6.17777, 8.15229, 
wilson seq0:
23.3932, 5.01994, 2.60889, 1.60332, 1.08907, 0.832423, 0.55484, 0.437908, 0.31256, 0.224778, 0.124527, 0.0330867, 0.0273201, 0.0330867, 0.124527, 0.224778, 0.31256, 0.437908, 0.55484, 0.832423, 1.08907, 1.60332, 2.60889, 5.01994, 
Plaqavg:
0.838656
m_0++ seq1:
16.3227, 0.0413208, -0.774898, -0.717775, -0.711662, -0.717932, -0.842775, -0.864613, -0.778331, -0.737714, -0.801137, -0.856612, -0.798487, -0.856612, -0.801137, -0.737714, -0.778331, -0.864613, -0.842775, -0.717932, -0.711662, -0.717775, -0.774898, 0.0413208, 
m_0-- seq1:
20.2173, 14.8662, 12.5259, 10.6754, 9.25038, 8.2158, 7.50299, 7.10389, 6.80422, 6.5311, 6.26205, 6.12509, 6.10979, 6.12509, 6.26205, 6.5311, 6.80422, 7.10389, 7.50299, 8.2158, 9.25038, 10.6754, 12.5259, 14.8662, 
wilson seq1:
22.6742, 4.47409, 2.19272, 1.13562, 0.638786, 0.398406, 0.267552, 0.197772, 0.0839894, -0.0247698, -0.0787427, -0.0192942, 0.00311543, -0.0192942, -0.0787427, -0.0247698, 0.0839894, 0.197772, 0.267552, 0.398406, 0.638786, 1.13562, 2.19272, 4.47409, 
Plaqavg:
0.838488
m_0++ seq2:
16.1256, 0.0843289, -0.816895, -0.787883, -0.726781, -0.781487, -0.821443, -0.726365, -0.82232, -0.741708, -0.792661, -0.790106, -0.678954, -0.790106, -0.792661, -0.741708, -0.82232, -0.726365, -0.821443, -0.781487, -0.726781, -0.787883, -0.816895, 0.0843289, 
m_0-- seq2:
12.5908, 7.83198, 6.28261, 5.26974, 4.52211, 4.00695, 3.59822, 3.28946, 3.15302, 3.04696, 2.94165, 2.88262, 2.85719, 2.88262, 2.94165, 3.04696, 3.15302, 3.28946, 3.59822, 4.00695, 4.52211, 5.26974, 6.28261, 7.83198, 
wilson seq2:
23.4622, 5.06393, 2.6016, 1.58873, 1.0855, 0.679487, 0.498822, 0.380143, 0.180259, 0.0383549, 0.0384917, -0.0148016, 0.021492, -0.0148016, 0.0384917, 0.0383549, 0.180259, 0.380143, 0.498822, 0.679487, 1.0855, 1.58873, 2.6016, 5.06393, 
Plaqavg:
0.838796
m_0++ seq3:
16.1523, 0.0811725, -0.668112, -0.705774, -0.761746, -0.826133, -0.744601, -0.773554, -0.783718, -0.823891, -0.814614, -0.820101, -0.87019, -0.820101, -0.814614, -0.823891, -0.783718, -0.773554, -0.744601, -0.826133, -0.761746, -0.705774, -0.668112, 0.0811725, 
m_0-- seq3:
9.98527, 5.25438, 3.6311, 2.48872, 1.56524, 0.907049, 0.369387, 0.0110458, -0.295532, -0.508081, -0.547778, -0.553707, -0.579341, -0.553707, -0.547778, -0.508081, -0.295532, 0.0110458, 0.369387, 0.907049, 1.56524, 2.48872, 3.6311, 5.25438, 
wilson seq3:
23.6591, 5.25278, 2.75784, 1.551, 1.01738, 0.678341, 0.419999, 0.23747, 0.186087, 0.124947, 0.0886826, 0.0986672, 0.109424, 0.0986672, 0.0886826, 0.124947, 0.186087, 0.23747, 0.419999, 0.678341, 1.01738, 1.551, 2.75784, 5.25278, 
Plaqavg:
0.838811
m_0++ seq4:
16.1627, 0.0852718, -0.700308, -0.745547, -0.795784, -0.78246, -0.787953, -0.805945, -0.782467, -0.823611, -0.798971, -0.7748, -0.737584, -0.7748, -0.798971, -0.823611, -0.782467, -0.805945, -0.787953, -0.78246, -0.795784, -0.745547, -0.700308, 0.0852718, 
m_0-- seq4:
14.6073, 10.0405, 8.66635, 7.74273, 7.11077, 6.61714, 6.3184, 6.06944, 5.93519, 5.90327, 5.87304, 5.80016, 5.7637, 5.80016, 5.87304, 5.90327, 5.93519, 6.06944, 6.3184, 6.61714, 7.11077, 7.74273, 8.66635, 10.0405, 
wilson seq4:
23.2392, 5.00047, 2.57449, 1.64099, 1.12606, 0.806453, 0.627341, 0.503103, 0.395511, 0.248773, 0.241275, 0.19702, 0.205766, 0.19702, 0.241275, 0.248773, 0.395511, 0.503103, 0.627341, 0.806453, 1.12606, 1.64099, 2.57449, 5.00047, 
Plaqavg:
0.838852
m_0++ seq5:
16.0844, 0.10037, -0.636694, -0.717377, -0.794834, -0.754119, -0.783595, -0.842933, -0.830589, -0.826898, -0.810981, -0.772132, -0.744816, -0.772132, -0.810981, -0.826898, -0.830589, -0.842933, -0.783595, -0.754119, -0.794834, -0.717377, -0.636694, 0.10037, 
m_0-- seq5:
9.1125, 4.75348, 3.37741, 2.34366, 1.49392, 0.852646, 0.413309, 0.132537, -0.0125674, -0.166016, -0.351247, -0.449961, -0.481679, -0.449961, -0.351247, -0.166016, -0.0125674, 0.132537, 0.413309, 0.852646, 1.49392, 2.34366, 3.37741, 4.75348, 
wilson seq5:
23.8268, 5.52966, 3.17474, 2.23809, 1.68271, 1.2859, 1.08565, 0.959876, 0.897659, 0.949351, 0.878861, 0.9232, 0.974261, 0.9232, 0.878861, 0.949351, 0.897659, 0.959876, 1.08565, 1.2859, 1.68271, 2.23809, 3.17474, 5.52966, 
Plaqavg:
0.838999
m_0++ seq0:
16.252, 0.0223068, -0.6797, -0.740652, -0.770071, -0.804817, -0.811746, -0.832017, -0.816714, -0.810857, -0.747942, -0.779477, -0.708585, -0.779477, -0.747942, -0.810857, -0.816714, -0.832017, -0.811746, -0.804817, -0.770071, -0.740652, -0.6797, 0.0223068, 
m_0-- seq0:
18.4893, 13.1649, 10.9117, 9.19668, 7.84731, 6.71753, 5.80329, 5.1227, 4.6462, 4.37503, 4.2282, 4.09905, 4.04771, 4.09905, 4.2282, 4.37503, 4.6462, 5.1227, 5.80329, 6.71753, 7.84731, 9.19668, 10.9117, 13.1649, 
wilson seq0:
22.7873, 4.51853, 2.13444, 1.17809, 0.665054, 0.49485, 0.274177, 0.271884, 0.294232, 0.230477, 0.307553, 0.307256, 0.399328, 0.307256, 0.307553, 0.230477, 0.294232, 0.271884, 0.274177, 0.49485, 0.665054, 1.17809, 2.13444, 4.51853, 
Plaqavg:
0.838612
m_0++ seq1:
16.2071, 0.0898603, -0.737975, -0.754476, -0.759641, -0.840257, -0.753678, -0.844574, -0.819797, -0.753063, -0.782503, -0.742883, -0.809146, -0.742883, -0.782503, -0.753063, -0.819797, -0.844574, -0.753678, -0.840257, -0.759641, -0.754476, -0.737975, 0.0898603, 
m_0-- seq1:
23.8059, 19.0955, 17.4789, 16.2454, 15.2198, 14.3142, 13.4717, 12.7201, 12.0775, 11.5121, 11.1524, 10.9421, 10.8643, 10.9421, 11.1524, 11.5121, 12.0775, 12.7201, 13.4717, 14.3142, 15.2198, 16.2454, 17.4789, 19.0955, 
wilson seq1:
22.4106, 4.12752, 1.96809, 1.12281, 0.621916, 0.383605, 0.20842, 0.124803, 0.0912359, 0.0868748, 0.10012, 0.146315, 0.227068, 0.146315, 0.10012, 0.0868748, 0.0912359, 0.124803, 0.20842, 0.383605, 0.621916, 1.12281, 1.96809, 4.12752, 
Plaqavg:
0.838766
m_0++ seq2:
16.3041, 0.0937787, -0.667557, -0.768857, -0.779579, -0.862974, -0.851207, -0.844033, -0.769886, -0.817814, -0.73868, -0.787138, -0.716167, -0.787138, -0.73868, -0.817814, -0.769886, -0.844033, -0.851207, -0.862974, -0.779579, -0.768857, -0.667557, 0.0937787, 
m_0-- seq2:
13.5302, 7.9344, 5.55841, 3.66105, 2.27158, 1.20163, 0.347585, -0.311396, -0.720841, -0.844613, -0.698412, -0.474077, -0.368727, -0.474077, -0.698412, -0.844613, -0.720841, -0.311396, 0.347585, 1.20163, 2.27158, 3.66105, 5.55841, 7.9344, 
wilson seq2:
23.0494, 4.74437, 2.3401, 1.38412, 0.8487, 0.6461, 0.473262, 0.277684, 0.197829, 0.189247, 0.151562, 0.213512, 0.234791, 0.213512, 0.151562, 0.189247, 0.197829, 0.277684, 0.473262, 0.6461, 0.8487, 1.38412, 2.3401, 4.74437, 
Plaqavg:
0.838423
m_0++ seq3:
16.2536, -0.00597713, -0.732055, -0.729519, -0.721207, -0.7655, -0.800386, -0.778911, -0.821799, -0.767289, -0.824574, -0.841866, -0.675416, -0.841866, -0.824574, -0.767289, -0.821799, -0.778911, -0.800386, -0.7655, -0.721207, -0.729519, -0.732055, -0.00597713, 
m_0-- seq3:
16.5832, 11.2752, 8.92298, 7.01862, 5.50326, 4.24012, 3.25334, 2.55374, 2.14599, 2.08347, 2.22434, 2.39033, 2.41485, 2.39033, 2.22434, 2.08347, 2.14599, 2.55374, 3.25334, 4.24012, 5.50326, 7.01862, 8.92298, 11.2752, 
wilson seq3:
23.1883, 4.81975, 2.4602, 1.50121, 1.02866, 0.807537, 0.643172, 0.520414, 0.523284, 0.431739, 0.377301, 0.345631, 0.476456, 0.345631, 0.377301, 0.431739, 0.523284, 0.520414, 0.643172, 0.807537, 1.02866, 1.50121, 2.4602, 4.81975, 
Plaqavg:
0.838621
m_0++ seq4:
16.1347, 0.0300234, -0.601985, -0.783741, -0.704641, -0.758348, -0.800941, -0.80064, -0.777318, -0.765925, -0.858389, -0.803421, -0.884042, -0.803421, -0.858389, -0.765925, -0.777318, -0.80064, -0.800941, -0.758348, -0.704641, -0.783741, -0.601985, 0.0300234, 
m_0-- seq4:
9.61152, 5.19564, 3.91366, 3.09184, 2.51062, 2.14853, 1.90544, 1.71614, 1.59372, 1.47072, 1.35917, 1.36271, 1.38168, 1.36271, 1.35917, 1.47072, 1.59372, 1.71614, 1.90544, 2.14853, 2.51062, 3.09184, 3.91366, 5.19564, 
wilson seq4:
23.8368, 5.41406, 2.90263, 1.74785, 1.06814, 0.56044, 0.109101, -0.158984, -0.363449, -0.493988, -0.485054, -0.54085, -0.583788, -0.54085, -0.485054, -0.493988, -0.363449, -0.158984, 0.109101, 0.56044, 1.06814, 1.74785, 2.90263, 5.41406, 
Plaqavg:
0.83894
m_0++ seq5:
16.2186, 0.0789264, -0.675553, -0.78219, -0.81268, -0.758553, -0.69728, -0.752717, -0.802939, -0.835691, -0.80548, -0.837285, -0.855749, -0.837285, -0.80548, -0.835691, -0.802939, -0.752717, -0.69728, -0.758553, -0.81268, -0.78219, -0.675553, 0.0789264, 
m_0-- seq5:
11.343, 6.59606, 4.95996, 3.68527, 2.68155, 1.85015, 1.14339, 0.578132, 0.0971943, -0.277297, -0.524732, -0.646276, -0.633782, -0.646276, -0.524732, -0.277297, 0.0971943, 0.578132, 1.14339, 1.85015, 2.68155, 3.68527, 4.95996, 6.59606, 
wilson seq5:
23.4651, 5.11432, 2.69363, 1.55893, 1.03243, 0.658207, 0.369043, 0.183648, 0.111471, 0.0722514, 0.109248, -0.00839529, 0.0320049, -0.00839529, 0.109248, 0.0722514, 0.111471, 0.183648, 0.369043, 0.658207, 1.03243, 1.55893, 2.69363, 5.11432, 
Plaqavg:
0.838792
m_0++ seq0:
16.3764, 0.181639, -0.687395, -0.803818, -0.757477, -0.830769, -0.923841, -0.788089, -0.857804, -0.770041, -0.788922, -0.803151, -0.717108, -0.803151, -0.788922, -0.770041, -0.857804, -0.788089, -0.923841, -0.830769, -0.757477, -0.803818, -0.687395, 0.181639, 
m_0-- seq0:
19.551, 14.0727, 11.3946, 9.12639, 7.3574, 5.99426, 4.94189, 4.13735, 3.48457, 2.90881, 2.38681, 2.05111, 1.92792, 2.05111, 2.38681, 2.90881, 3.48457, 4.13735, 4.94189, 5.99426, 7.3574, 9.12639, 11.3946, 14.0727, 
wilson seq0:
22.8852, 4.53206, 2.14254, 1.21336, 0.787232, 0.44607, 0.344285, 0.223682, 0.0819051, -0.00695113, -0.0533397, -0.0962918, -0.154505, -0.0962918, -0.0533397, -0.00695113, 0.0819051, 0.223682, 0.344285, 0.44607, 0.787232, 1.21336, 2.14254, 4.53206, 
Plaqavg:
0.838605
m_0++ seq1:
16.3002, 0.162525, -0.679894, -0.847769, -0.78897, -0.830183, -0.816075, -0.842965, -0.773095, -0.762274, -0.79231, -0.786447, -0.785334, -0.786447, -0.79231, -0.762274, -0.773095, -0.842965, -0.816075, -0.830183, -0.78897, -0.847769, -0.679894, 0.162525, 
m_0-- seq1:
22.9266, 16.8068, 13.6149, 10.8834, 8.78867, 7.15544, 5.93009, 5.03728, 4.55679, 4.27549, 4.15947, 3.99746, 3.94754, 3.99746, 4.15947, 4.27549, 4.55679, 5.03728, 5.93009, 7.15544, 8.78867, 10.8834, 13.6149, 16.8068, 
wilson seq1:
22.3469, 4.1795, 1.95345, 1.10872, 0.604783, 0.393655, 0.272336, 0.258348, 0.120288, 0.0616023, 0.0414213, -0.0075707, 0.032885, -0.0075707, 0.0414213, 0.0616023, 0.120288, 0.258348, 0.272336, 0.393655, 0.604783, 1.10872, 1.95345, 4.1795, 
Plaqavg:
0.838195
m_0++ seq2:
16.2918, 0.0702106, -0.771316, -0.795108, -0.789287, -0.81187, -0.780399, -0.726512, -0.755599, -0.881701, -0.761534, -0.75825, -0.769069, -0.75825, -0.761534, -0.881701, -0.755599, -0.726512, -0.780399, -0.81187, -0.789287, -0.795108, -0.771316, 0.0702106, 
m_0-- seq2:
17.2346, 11.6983, 9.21455, 7.21856, 5.62851, 4.34102, 3.30342, 2.35736, 1.64777, 1.19025, 0.892365, 0.708107, 0.670921, 0.708107, 0.892365, 1.19025, 1.64777, 2.35736, 3.30342, 4.34102, 5.62851, 7.21856, 9.21455, 11.6983, 
wilson seq2:
23.0021, 4.73992, 2.42401, 1.53389, 1.00973, 0.75877, 0.535405, 0.420918, 0.284226, 0.229875, 0.25168, 0.0736499, 0.104818, 0.0736499, 0.25168, 0.229875, 0.284226, 0.420918, 0.535405, 0.75877, 1.00973, 1.53389, 2.42401, 4.73992, 
Plaqavg:
0.838407
m_0++ seq3:
16.297, 0.0969257, -0.648103, -0.842048, -0.777659, -0.839382, -0.816556, -0.767171, -0.783021, -0.713445, -0.8395, -0.843928, -0.74927, -0.843928, -0.8395, -0.713445, -0.783021, -0.767171, -0.816556, -0.839382, -0.777659, -0.842048, -0.648103, 0.0969257, 
m_0-- seq3:
19.2713, 14.3727, 12.5159, 11.018, 9.77436, 8.71924, 7.93793, 7.25877, 6.66407, 6.28585, 5.95016, 5.71559, 5.65711, 5.71559, 5.95016, 6.28585, 6.66407, 7.25877, 7.93793, 8.71924, 9.77436, 11.018, 12.5159, 14.3727, 
wilson seq3:
23.0095, 4.7555, 2.33874, 1.47104, 1.01624, 0.727725, 0.537648, 0.437902, 0.416304, 0.306611, 0.322215, 0.360114, 0.294556, 0.360114, 0.322215, 0.306611, 0.416304, 0.437902, 0.537648, 0.727725, 1.01624, 1.47104, 2.33874, 4.7555, 
Plaqavg:
0.838692
m_0++ seq4:
16.2733, 0.133011, -0.656973, -0.729579, -0.822162, -0.841171, -0.779431, -0.844688, -0.800406, -0.729088, -0.777894, -0.856907, -0.862759, -0.856907, -0.777894, -0.729088, -0.800406, -0.844688, -0.779431, -0.841171, -0.822162, -0.729579, -0.656973, 0.133011, 
m_0-- seq4:
14.5824, 9.73037, 7.61138, 5.75368, 4.09167, 2.60245, 1.29333, 0.101371, -1.00718, -2.01024, -2.87689, -3.50554, -3.7635, -3.50554, -2.87689, -2.01024, -1.00718, 0.101371, 1.29333, 2.60245, 4.09167, 5.75368, 7.61138, 9.73037, 
wilson seq4:
22.9515, 4.74317, 2.26649, 1.26965, 0.660277, 0.303001, 0.139575, 0.00556712, -0.149149, -0.293805, -0.303785, -0.334672, -0.306348, -0.334672, -0.303785, -0.293805, -0.149149, 0.00556712, 0.139575, 0.303001, 0.660277, 1.26965, 2.26649, 4.74317, 
Plaqavg:
0.838792
m_0++ seq5:
16.2069, 0.0035235, -0.674918, -0.791137, -0.733518, -0.795821, -0.832666, -0.831017, -0.793296, -0.804672, -0.746967, -0.729761, -0.746413, -0.729761, -0.746967, -0.804672, -0.793296, -0.831017, -0.832666, -0.795821, -0.733518, -0.791137, -0.674918, 0.0035235, 
m_0-- seq5:
9.58356, 5.02987, 3.52168, 2.42529, 1.65199, 1.08959, 0.725826, 0.48329, 0.371143, 0.375042, 0.460497, 0.559889, 0.603055, 0.559889, 0.460497, 0.375042, 0.371143, 0.48329, 0.725826, 1.08959, 1.65199, 2.42529, 3.52168, 5.02987, 
wilson seq5:
23.7745, 5.50491, 3.12216, 2.00096, 1.3888, 1.01215, 0.685599, 0.618402, 0.491263, 0.546924, 0.423823, 0.467354, 0.49536, 0.467354, 0.423823, 0.546924, 0.491263, 0.618402, 0.685599, 1.01215, 1.3888, 2.00096, 3.12216, 5.50491, 
Plaqavg:
0.838851
m_0++ seq0:
16.0827, 0.0278401, -0.682289, -0.790945, -0.772592, -0.826853, -0.788904, -0.734785, -0.783677, -0.754078, -0.726527, -0.820045, -0.777039, -0.820045, -0.726527, -0.754078, -0.783677, -0.734785, -0.788904, -0.826853, -0.772592, -0.790945, -0.682289, 0.0278401, 
m_0-- seq0:
10.3506, 5.68484, 4.13718, 3.1505, 2.4841, 1.96634, 1.59695, 1.29904, 1.05968, 0.790791, 0.68359, 0.627505, 0.582578, 0.627505, 0.68359, 0.790791, 1.05968, 1.29904, 1.59695, 1.96634, 2.4841, 3.1505, 4.13718, 5.68484, 
wilson seq0:
23.8301, 5.44737, 2.88747, 1.85411, 1.23434, 0.76921, 0.426024, 0.239946, -0.0151555, -0.190179, -0.26329, -0.277461, -0.346191, -0.277461, -0.26329, -0.190179, -0.0151555, 0.239946, 0.426024, 0.76921, 1.23434, 1.85411, 2.88747, 5.44737, 
Plaqavg:
0.838836
m_0++ seq1:
16.2684, 0.083312, -0.729047, -0.745209, -0.777265, -0.747254, -0.759577, -0.796282, -0.791103, -0.777395, -0.853805, -0.815851, -0.849486, -0.815851, -0.853805, -0.777395, -0.791103, -0.796282, -0.759577, -0.747254, -0.777265, -0.745209, -0.729047, 0.083312, 
m_0-- seq1:
10.9197, 6.0088, 4.24062, 2.94178, 1.92467, 1.18235, 0.614708, 0.178994, -0.142518, -0.405972, -0.681431, -0.807295, -0.803532, -0.807295, -0.681431, -0.405972, -0.142518, 0.178994, 0.614708, 1.18235, 1.92467, 2.94178, 4.24062, 6.0088, 
wilson seq1:
23.3805, 5.0306, 2.55921, 1.52593, 0.907862, 0.566439, 0.358552, 0.204752, 0.141459, 0.00720551, 0.0411947, -0.0884724, -0.0779863, -0.0884724, 0.0411947, 0.00720551, 0.141459, 0.204752, 0.358552, 0.566439, 0.907862, 1.52593, 2.55921, 5.0306, 
Plaqavg:
0.838668
m_0++ seq2:
16.2638, 0.0496049, -0.692382, -0.772728, -0.794851, -0.765286, -0.765539, -0.790951, -0.773764, -0.813397, -0.803602, -0.861468, -0.695084, -0.861468, -0.803602, -0.813397, -0.773764, -0.790951, -0.765539, -0.765286, -0.794851, -0.772728, -0.692382, 0.0496049, 
m_0-- seq2:
15.4584, 10.3449, 8.20003, 6.4817, 5.06028, 3.91279, 2.89911, 2.13127, 1.43487, 0.834859, 0.357437, 0.109216, 0.0636955, 0.109216, 0.357437, 0.834859, 1.43487, 2.13127, 2.89911, 3.91279, 5.06028, 6.4817, 8.20003, 10.3449, 
wilson seq2:
22.9775, 4.74712, 2.29926, 1.26278, 0.74493, 0.397637, 0.145507, 0.0402537, -0.0768641, -0.101501, -0.115274, -0.0721788, -0.102774, -0.0721788, -0.115274, -0.101501, -0.0768641, 0.0402537, 0.145507, 0.397637, 0.74493, 1.26278, 2.29926, 4.74712, 
Plaqavg:
0.83866
m_0++ seq3:
16.0842, 0.0471829, -0.716997, -0.709068, -0.759178, -0.778199, -0.797893, -0.774537, -0.822557, -0.787832, -0.771631, -0.765203, -0.812419, -0.765203, -0.771631, -0.787832, -0.822557, -0.774537, -0.797893, -0.778199, -0.759178, -0.709068, -0.716997, 0.0471829, 
m_0-- seq3:
15.9429, 11.3294, 9.67941, 8.46564, 7.5572, 6.88881, 6.45443, 6.19393, 5.9435, 5.65248, 5.40832, 5.18434, 5.0792, 5.18434, 5.40832, 5.65248, 5.9435, 6.19393, 6.45443, 6.88881, 7.5572, 8.46564, 9.67941, 11.3294, 
wilson seq3:
22.8694, 4.59776, 2.30013, 1.38213, 0.887273, 0.568927, 0.348397, 0.122517, 0.09298, -0.00239811, 0.0523931, 0.0230515, -0.0414862, 0.0230515, 0.0523931, -0.00239811, 0.09298, 0.122517, 0.348397, 0.568927, 0.887273, 1.38213, 2.30013, 4.59776, 
Plaqavg:
0.838857
m_0++ seq4:
16.2616, 0.0694749, -0.706875, -0.738601, -0.763676, -0.785782, -0.794322, -0.752574, -0.787402, -0.726784, -0.824227, -0.920376, -0.799298, -0.920376, -0.824227, -0.726784, -0.787402, -0.752574, -0.794322, -0.785782, -0.763676, -0.738601, -0.706875, 0.0694749, 
m_0-- seq4:
13.07, 8.41565, 6.68892, 5.28875, 4.13336, 3.22205, 2.52618, 2.11658, 1.90711, 1.84679, 1.89593, 1.9894, 2.03372, 1.9894, 1.89593, 1.84679, 1.90711, 2.11658, 2.52618, 3.22205, 4.13336, 5.28875, 6.68892, 8.41565, 
wilson seq4:
23.0476, 4.78849, 2.45664, 1.52318, 1.05073, 0.710507, 0.517796, 0.323018, 0.265011, 0.119158, 0.01339, -0.0015047, 0.136479, -0.0015047, 0.01339, 0.119158, 0.265011, 0.323018, 0.517796, 0.710507, 1.05073, 1.52318, 2.45664, 4.78849, 
Plaqavg:
0.838836
m_0++ seq5:
16.1088, 0.0723115, -0.748538, -0.755866, -0.742072, -0.795884, -0.810249, -0.816891, -0.795849, -0.726197, -0.771967, -0.770497, -0.785362, -0.770497, -0.771967, -0.726197, -0.795849, -0.816891, -0.810249, -0.795884, -0.742072, -0.755866, -0.748538, 0.0723115, 
m_0-- seq5:
10.3225, 5.60381, 4.05267, 3.07302, 2.31833, 1.79106, 1.50691, 1.31379, 1.09505, 0.953892, 0.984376, 0.999304, 0.993213, 0.999304, 0.984376, 0.953892, 1.09505, 1.31379, 1.50691, 1.79106, 2.31833, 3.07302, 4.05267, 5.60381, 
wilson seq5:
23.547, 5.07497, 2.70364, 1.6521, 0.929529, 0.51707, 0.270549, 0.0603441, -0.0954606, -0.205691, -0.238793, -0.282817, -0.288973, -0.282817, -0.238793, -0.205691, -0.0954606, 0.0603441, 0.270549, 0.51707, 0.929529, 1.6521, 2.70364, 5.07497, 
Plaqavg:
0.838767