Equilibriated:10
m_0++ seq1:
5.69133, 0.127987, 0.0173858, -0.0426439, -0.0998268, -0.132989, -0.0998268, -0.0426439, 0.0173858, 0.127987, 
m_0-- seq1:
26.5122, 25.264, 25.1904, 25.193, 25.2051, 25.1758, 25.2051, 25.193, 25.1904, 25.264,
Plaqavg:
0.830408
m_0++ seq2:
5.72338, 0.186891, 0.0102012, -0.0418907, -0.100224, 0.133007, -0.100224, -0.0418907, 0.0102012, 0.186904, 
m_0-- seq2:
15.1924, 12.7379, 11.4909, 10.7243, 10.3131, 10.2128, 10.3131, 10.7243, 11.4909, 12.7404,
Plaqavg:
0.829606
m_0++ seq3:
5.72936, 0.2648, 0.0662371, -0.0451929, -0.0843654, 0.0624849, -0.0843654, -0.0451929, 0.0662371, 0.264818, 
m_0-- seq3:
1.42814, 0.0668981, 0.0437423, 0.0335853, -0.011061, 0.013585, -0.011061, 0.0335853, 0.0437423, 0.0681722,
Plaqavg:
0.830513
m_0++ seq4:
5.69636, 0.267393, -0.0335694, 0.0834091, 0.057316, 0.0870615, 0.057316, 0.0834091, -0.0335694, 0.267419, 
m_0-- seq4:
1.19088, 0.0418848, -0.00174937, -0.00633335, 0.0188578, -0.00900336, 0.0188578, -0.00633335, -0.00174937, 0.0418916,
Plaqavg:
0.831723
m_0++ seq5:
5.67589, 0.280365, 0.0412908, -0.107958, -0.0756018, -0.0508534, -0.0756018, -0.107958, 0.0412908, 0.280392, 
m_0-- seq5:
1.49908, 0.169431, 0.00654993, 0.0033279, 0.00445153, 0.0442437, 0.00445153, 0.0033279, 0.00654993, 0.169435,
Plaqavg:
0.830576
m_0++ seq6:
5.63938, 0.359498, 0.0226084, 0.0151551, -0.0540407, -0.0243808, -0.0540407, 0.0151551, 0.0226084, 0.359527, 
m_0-- seq6:
1.22501, 0.0520914, -0.0012288, -0.0295445, -0.00868289, 0.00276471, -0.00868289, -0.0295445, -0.0012288, 0.0521084,
Plaqavg:
0.831415
m_0++ seq7:
5.67176, 0.314528, 0.108219, 0.0954097, -0.00105902, -0.155962, -0.00105902, 0.0954097, 0.108219, 0.314564, 
m_0-- seq7:
1.25396, 0.0876173, 0.0119907, -0.00287359, 0.00104739, -0.049574, 0.00104739, -0.00287359, 0.0119907, 0.0876225,
Plaqavg:
0.831216
m_0++ seq8:
5.99317, 0.299048, 0.160156, -0.0212915, -0.145753, -0.0197399, -0.145753, -0.0212915, 0.160156, 0.299079, 
m_0-- seq8:
1.34397, 0.0487531, -0.026259, -0.0174636, -0.0248197, 0.0363938, -0.0248197, -0.0174636, -0.026259, 0.0487618,
Plaqavg:
0.830682
m_0++ seq9:
5.85386, 0.236794, 0.12458, 0.00300895, -0.0525337, 0.109802, -0.0525337, 0.00300895, 0.12458, 0.236824, 
m_0-- seq9:
2.47664, 0.678953, 0.125523, 0.0141599, -0.0422225, -0.148555, -0.0422225, 0.0141599, 0.125523, 0.678957,
Plaqavg:
0.830721
m_0++ seq10:
5.59298, 0.353843, 0.0726575, -0.041002, -0.0471324, -0.141761, -0.0471324, -0.041002, 0.0726575, 0.353867, 
m_0-- seq10:
1.54285, 0.167198, 0.0231326, 0.0377206, -0.000504587, 0.0348793, -0.000504587, 0.0377206, 0.0231326, 0.167265,
Plaqavg:
0.830527
avgplaq:0.830739
plaqsd:0.000563237
completed in:48
