Equilibriated:300
m_0++ seq0:
18.1094, 0.0920013, -0.754177, -0.862116, -0.883082, -0.892789, -0.889019, -0.938646, -0.844005, -0.930741, -0.805557, -0.870715, -0.951696, -0.870715, -0.805557, -0.930741, -0.844005, -0.938646, -0.889019, -0.892789, -0.883082, -0.862116, -0.754177, 0.0920013, 
m_0-- seq0:
15.7167, 9.15159, 6.61527, 4.71476, 3.17322, 1.95967, 1.09108, 0.61587, 0.37928, 0.288614, 0.207994, 0.278789, 0.365539, 0.278789, 0.207994, 0.288614, 0.37928, 0.61587, 1.09108, 1.95967, 3.17322, 4.71476, 6.61527, 9.15159, 
wilson seq0:
22.1559, 3.7876, 1.68803, 1.02073, 0.628198, 0.346579, 0.182907, 0.00806251, 0.0595721, 0.00897524, -0.118878, -0.0609374, -0.0802362, -0.0609374, -0.118878, 0.00897524, 0.0595721, 0.00806251, 0.182907, 0.346579, 0.628198, 1.02073, 1.68803, 3.7876, 
Plaqavg:
0.829647
m_0++ seq1:
17.9768, 0.105363, -0.751118, -0.946698, -0.956717, -0.955083, -0.864782, -0.811934, -0.824344, -0.93553, -0.875606, -0.757335, -0.829261, -0.757335, -0.875606, -0.93553, -0.824344, -0.811934, -0.864782, -0.955083, -0.956717, -0.946698, -0.751118, 0.105363, 
m_0-- seq1:
22.123, 15.3798, 12.4962, 10.2516, 8.67494, 7.7436, 7.28277, 7.2448, 7.42211, 7.7127, 8.00975, 8.19978, 8.21289, 8.19978, 8.00975, 7.7127, 7.42211, 7.2448, 7.28277, 7.7436, 8.67494, 10.2516, 12.4962, 15.3798, 
wilson seq1:
21.7402, 3.47917, 1.55359, 0.779873, 0.516697, 0.228578, 0.112853, 0.00848541, -0.0234819, -0.0143307, 0.102998, 0.0685233, 0.0899044, 0.0685233, 0.102998, -0.0143307, -0.0234819, 0.00848541, 0.112853, 0.228578, 0.516697, 0.779873, 1.55359, 3.47917, 
Plaqavg:
0.829533
m_0++ seq2:
18.1906, 0.150626, -0.771731, -0.871994, -0.887812, -0.92729, -0.870731, -0.920262, -0.833585, -0.970133, -0.916202, -0.888739, -0.774931, -0.888739, -0.916202, -0.970133, -0.833585, -0.920262, -0.870731, -0.92729, -0.887812, -0.871994, -0.771731, 0.150626, 
m_0-- seq2:
17.0854, 10.3316, 7.48483, 5.60397, 4.28705, 3.46681, 2.6759, 1.84111, 0.966232, 0.311358, -0.285196, -0.632386, -0.732616, -0.632386, -0.285196, 0.311358, 0.966232, 1.84111, 2.6759, 3.46681, 4.28705, 5.60397, 7.48483, 10.3316, 
wilson seq2:
21.9834, 3.63922, 1.60095, 0.859521, 0.467253, 0.220872, 0.109743, 0.0132575, -0.0328711, -0.118148, -0.0745577, -0.0782656, -0.0995835, -0.0782656, -0.0745577, -0.118148, -0.0328711, 0.0132575, 0.109743, 0.220872, 0.467253, 0.859521, 1.60095, 3.63922, 
Plaqavg:
0.829654
m_0++ seq3:
18.1571, 0.144236, -0.714773, -0.860106, -0.81221, -0.878689, -0.882942, -0.87264, -0.940201, -0.997959, -0.921815, -0.81089, -1.0611, -0.81089, -0.921815, -0.997959, -0.940201, -0.87264, -0.882942, -0.878689, -0.81221, -0.860106, -0.714773, 0.144236, 
m_0-- seq3:
20.1572, 13.044, 10.1037, 8.11886, 6.489, 5.38866, 4.56388, 4.07904, 3.81663, 3.67643, 3.54864, 3.38657, 3.25075, 3.38657, 3.54864, 3.67643, 3.81663, 4.07904, 4.56388, 5.38866, 6.489, 8.11886, 10.1037, 13.044, 
wilson seq3:
21.849, 3.63879, 1.61531, 0.84305, 0.495501, 0.266338, 0.202143, 0.127338, 0.0458418, 0.0694401, 0.0959323, 0.137719, 0.184858, 0.137719, 0.0959323, 0.0694401, 0.0458418, 0.127338, 0.202143, 0.266338, 0.495501, 0.84305, 1.61531, 3.63879, 
Plaqavg:
0.829491
m_0++ seq4:
18.1545, 0.135312, -0.763318, -0.887712, -0.832529, -0.920864, -0.902317, -0.88128, -0.881106, -0.895754, -0.910146, -0.871418, -0.932197, -0.871418, -0.910146, -0.895754, -0.881106, -0.88128, -0.902317, -0.920864, -0.832529, -0.887712, -0.763318, 0.135312, 
m_0-- seq4:
18.8641, 11.4092, 7.86849, 5.27049, 3.28527, 1.8654, 0.866398, -0.0123863, -0.637686, -0.931824, -1.18654, -1.30732, -1.41478, -1.30732, -1.18654, -0.931824, -0.637686, -0.0123863, 0.866398, 1.8654, 3.28527, 5.27049, 7.86849, 11.4092, 
wilson seq4:
21.9526, 3.50756, 1.64694, 0.869707, 0.440786, 0.287114, 0.111548, 0.136187, 0.0951695, 0.092091, -0.00946869, -0.0520529, -0.0983671, -0.0520529, -0.00946869, 0.092091, 0.0951695, 0.136187, 0.111548, 0.287114, 0.440786, 0.869707, 1.64694, 3.50756, 
Plaqavg:
0.829343
m_0++ seq5:
18.1838, 0.130077, -0.668329, -0.847806, -0.943083, -0.911475, -0.855036, -0.907405, -0.943711, -0.913082, -0.886788, -0.886846, -0.916825, -0.886846, -0.886788, -0.913082, -0.943711, -0.907405, -0.855036, -0.911475, -0.943083, -0.847806, -0.668329, 0.130077, 
m_0-- seq5:
15.5908, 9.00652, 6.48622, 4.71646, 3.44322, 2.53954, 1.83145, 1.30201, 0.988125, 0.852745, 0.667085, 0.45711, 0.41855, 0.45711, 0.667085, 0.852745, 0.988125, 1.30201, 1.83145, 2.53954, 3.44322, 4.71646, 6.48622, 9.00652, 
wilson seq5:
22.2333, 3.77267, 1.70989, 0.931474, 0.434889, 0.228522, 0.111976, 0.0311982, -0.0696157, -0.0987704, -0.0401315, -0.0530399, -0.0944959, -0.0530399, -0.0401315, -0.0987704, -0.0696157, 0.0311982, 0.111976, 0.228522, 0.434889, 0.931474, 1.70989, 3.77267, 
Plaqavg:
0.829652
m_0++ seq0:
18.0353, 0.183976, -0.771217, -0.893492, -0.864295, -0.920165, -0.912131, -0.921722, -0.859846, -0.896988, -0.918118, -0.836085, -0.815127, -0.836085, -0.918118, -0.896988, -0.859846, -0.921722, -0.912131, -0.920165, -0.864295, -0.893492, -0.771217, 0.183976, 
m_0-- seq0:
18.6328, 12.0358, 9.38699, 7.4663, 6.04496, 5.00923, 4.32965, 3.75915, 3.28864, 2.74149, 2.16739, 1.73011, 1.55354, 1.73011, 2.16739, 2.74149, 3.28864, 3.75915, 4.32965, 5.00923, 6.04496, 7.4663, 9.38699, 12.0358, 
wilson seq0:
21.8988, 3.62556, 1.50993, 0.795305, 0.389012, 0.199004, 0.0706271, 0.0309949, 0.0223849, -0.0416806, -0.0834549, -0.144972, -0.151217, -0.144972, -0.0834549, -0.0416806, 0.0223849, 0.0309949, 0.0706271, 0.199004, 0.389012, 0.795305, 1.50993, 3.62556, 
Plaqavg:
0.829661
m_0++ seq1:
18.1561, 0.173998, -0.761705, -0.862121, -0.896014, -0.920465, -0.94535, -0.913263, -0.905557, -0.803857, -0.897278, -0.869623, -0.953663, -0.869623, -0.897278, -0.803857, -0.905557, -0.913263, -0.94535, -0.920465, -0.896014, -0.862121, -0.761705, 0.173998, 
m_0-- seq1:
17.1701, 10.7891, 8.26153, 6.38928, 4.90364, 3.77432, 3.04722, 2.49288, 2.1804, 2.00127, 1.79334, 1.56086, 1.45142, 1.56086, 1.79334, 2.00127, 2.1804, 2.49288, 3.04722, 3.77432, 4.90364, 6.38928, 8.26153, 10.7891, 
wilson seq1:
22.0214, 3.74497, 1.7928, 0.958359, 0.642417, 0.377292, 0.136955, 0.00281607, -0.0972039, -0.157686, -0.239509, -0.177326, -0.142504, -0.177326, -0.239509, -0.157686, -0.0972039, 0.00281607, 0.136955, 0.377292, 0.642417, 0.958359, 1.7928, 3.74497, 
Plaqavg:
0.829819
m_0++ seq2:
18.0426, 0.12873, -0.776311, -0.839402, -0.837632, -0.919681, -0.903195, -0.917658, -0.867501, -0.869388, -0.8862, -0.873619, -0.918879, -0.873619, -0.8862, -0.869388, -0.867501, -0.917658, -0.903195, -0.919681, -0.837632, -0.839402, -0.776311, 0.12873, 
m_0-- seq2:
20.2406, 13.0909, 10.0041, 7.44488, 5.34113, 3.60941, 2.11045, 0.801531, -0.25544, -1.04371, -1.63853, -1.94002, -2.12575, -1.94002, -1.63853, -1.04371, -0.25544, 0.801531, 2.11045, 3.60941, 5.34113, 7.44488, 10.0041, 13.0909, 
wilson seq2:
21.8155, 3.59949, 1.48586, 0.774885, 0.348707, 0.228358, 0.0103966, -0.0692475, -0.100081, 0.0169786, 0.0939621, 0.069021, 0.157392, 0.069021, 0.0939621, 0.0169786, -0.100081, -0.0692475, 0.0103966, 0.228358, 0.348707, 0.774885, 1.48586, 3.59949, 
Plaqavg:
0.829519
m_0++ seq3:
18.1979, 0.12323, -0.685463, -0.838121, -0.818165, -0.926358, -0.93004, -0.913648, -0.978381, -0.962621, -0.8994, -0.850614, -0.838711, -0.850614, -0.8994, -0.962621, -0.978381, -0.913648, -0.93004, -0.926358, -0.818165, -0.838121, -0.685463, 0.12323, 
m_0-- seq3:
17.1837, 10.2051, 7.37457, 5.36486, 3.97758, 3.10076, 2.66309, 2.51902, 2.45896, 2.53053, 2.4963, 2.64172, 2.65328, 2.64172, 2.4963, 2.53053, 2.45896, 2.51902, 2.66309, 3.10076, 3.97758, 5.36486, 7.37457, 10.2051, 
wilson seq3:
22.1144, 3.75189, 1.66649, 0.932678, 0.531843, 0.321269, 0.199877, 0.141607, 0.199115, 0.1929, 0.145101, 0.0661688, 0.0383274, 0.0661688, 0.145101, 0.1929, 0.199115, 0.141607, 0.199877, 0.321269, 0.531843, 0.932678, 1.66649, 3.75189, 
Plaqavg:
0.829434
m_0++ seq4:
18.1151, 0.0935991, -0.782042, -0.848506, -0.802939, -0.908123, -0.970988, -0.862044, -0.833623, -0.784844, -0.876189, -0.98786, -0.987966, -0.98786, -0.876189, -0.784844, -0.833623, -0.862044, -0.970988, -0.908123, -0.802939, -0.848506, -0.782042, 0.0935991, 
m_0-- seq4:
19.909, 13.2761, 10.6853, 8.73649, 7.23865, 5.90497, 4.90199, 4.10546, 3.55167, 3.11036, 2.67677, 2.50647, 2.46065, 2.50647, 2.67677, 3.11036, 3.55167, 4.10546, 4.90199, 5.90497, 7.23865, 8.73649, 10.6853, 13.2761, 
wilson seq4:
22.0277, 3.693, 1.71854, 0.97865, 0.616278, 0.354285, 0.218446, 0.0206442, 0.0192885, 0.0204307, 0.00136573, -0.0385794, 0.0594841, -0.0385794, 0.00136573, 0.0204307, 0.0192885, 0.0206442, 0.218446, 0.354285, 0.616278, 0.97865, 1.71854, 3.693, 
Plaqavg:
0.82971
m_0++ seq5:
18.2898, 0.208249, -0.688164, -0.853782, -0.869794, -0.983209, -0.993782, -0.973947, -0.85402, -0.894402, -0.886942, -0.918345, -0.873484, -0.918345, -0.886942, -0.894402, -0.85402, -0.973947, -0.993782, -0.983209, -0.869794, -0.853782, -0.688164, 0.208249, 
m_0-- seq5:
13.8744, 7.19127, 4.67356, 3.05701, 1.93612, 1.28776, 0.8359, 0.522265, 0.230306, -0.00369414, -0.127574, -0.181115, -0.250295, -0.181115, -0.127574, -0.00369414, 0.230306, 0.522265, 0.8359, 1.28776, 1.93612, 3.05701, 4.67356, 7.19127, 
wilson seq5:
22.2245, 3.8826, 1.80687, 1.11087, 0.613291, 0.333162, 0.259008, 0.113238, 0.113409, 0.0604351, -0.0359327, -0.126354, -0.0695433, -0.126354, -0.0359327, 0.0604351, 0.113409, 0.113238, 0.259008, 0.333162, 0.613291, 1.11087, 1.80687, 3.8826, 
Plaqavg:
0.829625
m_0++ seq0:
18.3054, 0.17094, -0.818877, -0.925358, -0.876493, -0.888972, -0.778242, -0.885287, -0.93828, -0.887384, -0.912985, -0.944061, -0.935377, -0.944061, -0.912985, -0.887384, -0.93828, -0.885287, -0.778242, -0.888972, -0.876493, -0.925358, -0.818877, 0.17094, 
m_0-- seq0:
20.2208, 12.9923, 9.76256, 7.44755, 5.95374, 5.09957, 4.75386, 4.52399, 4.3963, 4.13002, 3.78347, 3.54302, 3.50689, 3.54302, 3.78347, 4.13002, 4.3963, 4.52399, 4.75386, 5.09957, 5.95374, 7.44755, 9.76256, 12.9923, 
wilson seq0:
21.6515, 3.36028, 1.36945, 0.708516, 0.365847, 0.151663, 0.017062, -0.00525681, -0.0824479, -0.0931012, -0.160805, -0.166319, -0.218751, -0.166319, -0.160805, -0.0931012, -0.0824479, -0.00525681, 0.017062, 0.151663, 0.365847, 0.708516, 1.36945, 3.36028, 
Plaqavg:
0.829367
m_0++ seq1:
18.1239, 0.283501, -0.782035, -0.817607, -0.850604, -0.868269, -1.00221, -0.897481, -0.810659, -0.978998, -0.924906, -0.926731, -0.971869, -0.926731, -0.924906, -0.978998, -0.810659, -0.897481, -1.00221, -0.868269, -0.850604, -0.817607, -0.782035, 0.283501, 
m_0-- seq1:
14.6308, 7.72154, 4.99214, 3.24321, 2.12468, 1.29926, 0.76589, 0.323928, -0.0772591, -0.352828, -0.446528, -0.428519, -0.459461, -0.428519, -0.446528, -0.352828, -0.0772591, 0.323928, 0.76589, 1.29926, 2.12468, 3.24321, 4.99214, 7.72154, 
wilson seq1:
22.2019, 3.76997, 1.74168, 0.932679, 0.570148, 0.300974, 0.196354, 0.201737, 0.0784363, 0.0430199, 0.0297992, 0.0443708, 0.0627056, 0.0443708, 0.0297992, 0.0430199, 0.0784363, 0.201737, 0.196354, 0.300974, 0.570148, 0.932679, 1.74168, 3.76997, 
Plaqavg:
0.829503
m_0++ seq2:
18.0656, 0.131167, -0.759103, -0.820548, -0.824835, -0.957042, -0.937576, -0.935902, -0.840272, -0.88256, -0.935006, -0.838618, -0.865035, -0.838618, -0.935006, -0.88256, -0.840272, -0.935902, -0.937576, -0.957042, -0.824835, -0.820548, -0.759103, 0.131167, 
m_0-- seq2:
16.7366, 9.73691, 6.83725, 4.97563, 3.73468, 3.02526, 2.51505, 2.22211, 2.05015, 1.91693, 1.80214, 1.77677, 1.77876, 1.77677, 1.80214, 1.91693, 2.05015, 2.22211, 2.51505, 3.02526, 3.73468, 4.97563, 6.83725, 9.73691, 
wilson seq2:
22.0691, 3.63467, 1.49437, 0.714222, 0.312359, 0.207928, 0.163876, 0.0792091, 0.0528496, 0.118994, 0.172692, 0.173446, 0.201574, 0.173446, 0.172692, 0.118994, 0.0528496, 0.0792091, 0.163876, 0.207928, 0.312359, 0.714222, 1.49437, 3.63467, 
Plaqavg:
0.829554
m_0++ seq3:
18.1493, 0.212531, -0.693183, -0.88332, -0.933374, -0.93334, -0.910561, -0.911754, -0.927402, -0.887434, -0.883494, -0.912518, -0.821624, -0.912518, -0.883494, -0.887434, -0.927402, -0.911754, -0.910561, -0.93334, -0.933374, -0.88332, -0.693183, 0.212531, 
m_0-- seq3:
22.3071, 15.0251, 11.552, 8.85387, 6.71032, 5.02183, 3.73296, 2.62737, 1.8061, 1.12959, 0.736791, 0.486594, 0.402002, 0.486594, 0.736791, 1.12959, 1.8061, 2.62737, 3.73296, 5.02183, 6.71032, 8.85387, 11.552, 15.0251, 
wilson seq3:
21.9253, 3.60007, 1.56881, 0.754717, 0.473735, 0.346069, 0.291317, 0.0923853, 0.023343, 0.0291765, 0.00908635, -0.00330644, -0.00891257, -0.00330644, 0.00908635, 0.0291765, 0.023343, 0.0923853, 0.291317, 0.346069, 0.473735, 0.754717, 1.56881, 3.60007, 
Plaqavg:
0.82948
m_0++ seq4:
18.163, 0.217996, -0.728944, -0.86367, -0.850418, -0.962514, -0.822835, -0.924876, -0.910402, -0.940394, -0.99136, -0.88513, -0.837896, -0.88513, -0.99136, -0.940394, -0.910402, -0.924876, -0.822835, -0.962514, -0.850418, -0.86367, -0.728944, 0.217996, 
m_0-- seq4:
20.4518, 13.3919, 10.5661, 8.51164, 6.87175, 5.57126, 4.48687, 3.71992, 3.04924, 2.47135, 1.86852, 1.50425, 1.40596, 1.50425, 1.86852, 2.47135, 3.04924, 3.71992, 4.48687, 5.57126, 6.87175, 8.51164, 10.5661, 13.3919, 
wilson seq4:
21.7438, 3.53545, 1.47902, 0.668259, 0.310526, 0.193549, 0.0972853, 0.101623, 0.0738289, 0.170375, 0.236701, 0.295559, 0.305523, 0.295559, 0.236701, 0.170375, 0.0738289, 0.101623, 0.0972853, 0.193549, 0.310526, 0.668259, 1.47902, 3.53545, 
Plaqavg:
0.829431
m_0++ seq5:
18.1578, 0.107624, -0.719976, -0.871747, -0.85652, -0.858153, -0.818348, -0.937612, -0.941084, -0.844494, -0.957356, -0.91684, -0.928737, -0.91684, -0.957356, -0.844494, -0.941084, -0.937612, -0.818348, -0.858153, -0.85652, -0.871747, -0.719976, 0.107624, 
m_0-- seq5:
16.5274, 9.93595, 7.41394, 5.57376, 4.02022, 2.75167, 1.62544, 0.783424, 0.0991052, -0.374347, -0.647854, -0.791204, -0.893519, -0.791204, -0.647854, -0.374347, 0.0991052, 0.783424, 1.62544, 2.75167, 4.02022, 5.57376, 7.41394, 9.93595, 
wilson seq5:
22.0633, 3.687, 1.65467, 0.869008, 0.522189, 0.44759, 0.321352, 0.234212, 0.164657, 0.0944146, 0.0485096, 0.0616525, 0.037045, 0.0616525, 0.0485096, 0.0944146, 0.164657, 0.234212, 0.321352, 0.44759, 0.522189, 0.869008, 1.65467, 3.687, 
Plaqavg:
0.829644
m_0++ seq0:
18.0562, 0.152536, -0.811134, -0.871658, -0.829701, -0.844275, -0.858438, -1.00796, -0.787988, -0.844155, -0.894931, -0.91514, -1.03054, -0.91514, -0.894931, -0.844155, -0.787988, -1.00796, -0.858438, -0.844275, -0.829701, -0.871658, -0.811134, 0.152536, 
m_0-- seq0:
19.5723, 12.7363, 9.79182, 7.66011, 5.9061, 4.46648, 3.21866, 2.41957, 1.73697, 1.19129, 0.768416, 0.566325, 0.553722, 0.566325, 0.768416, 1.19129, 1.73697, 2.41957, 3.21866, 4.46648, 5.9061, 7.66011, 9.79182, 12.7363, 
wilson seq0:
21.9411, 3.59509, 1.64042, 0.898906, 0.507645, 0.244237, 0.175883, 0.107582, 0.0541247, -0.0184321, 0.0135468, -0.130205, -0.157613, -0.130205, 0.0135468, -0.0184321, 0.0541247, 0.107582, 0.175883, 0.244237, 0.507645, 0.898906, 1.64042, 3.59509, 
Plaqavg:
0.829618
m_0++ seq1:
18.1348, 0.162898, -0.642616, -0.793232, -0.940993, -0.848136, -0.876281, -0.974303, -0.973829, -0.893338, -0.933653, -0.925919, -0.85597, -0.925919, -0.933653, -0.893338, -0.973829, -0.974303, -0.876281, -0.848136, -0.940993, -0.793232, -0.642616, 0.162898, 
m_0-- seq1:
17.8085, 11.3764, 8.71225, 6.77897, 5.47544, 4.51791, 3.80662, 3.30822, 3.09681, 3.18349, 3.5485, 3.87126, 4.00647, 3.87126, 3.5485, 3.18349, 3.09681, 3.30822, 3.80662, 4.51791, 5.47544, 6.77897, 8.71225, 11.3764, 
wilson seq1:
22.2963, 3.9625, 1.88532, 1.18099, 0.730486, 0.612577, 0.456208, 0.397104, 0.346677, 0.327186, 0.381723, 0.325592, 0.330038, 0.325592, 0.381723, 0.327186, 0.346677, 0.397104, 0.456208, 0.612577, 0.730486, 1.18099, 1.88532, 3.9625, 
Plaqavg:
0.829821
m_0++ seq2:
18.2128, 0.229739, -0.791106, -0.875235, -0.929831, -0.842711, -0.924158, -0.921789, -0.95903, -0.884368, -0.836922, -0.896339, -0.949305, -0.896339, -0.836922, -0.884368, -0.95903, -0.921789, -0.924158, -0.842711, -0.929831, -0.875235, -0.791106, 0.229739, 
m_0-- seq2:
21.8785, 14.9114, 12.1166, 9.87491, 8.0779, 6.8119, 5.93315, 5.3131, 4.86049, 4.52132, 4.14879, 3.87585, 3.79477, 3.87585, 4.14879, 4.52132, 4.86049, 5.3131, 5.93315, 6.8119, 8.0779, 9.87491, 12.1166, 14.9114, 
wilson seq2:
21.9968, 3.71153, 1.67649, 0.937476, 0.581199, 0.454996, 0.328016, 0.235625, 0.173361, 0.131458, 0.165791, 0.159904, 0.1277, 0.159904, 0.165791, 0.131458, 0.173361, 0.235625, 0.328016, 0.454996, 0.581199, 0.937476, 1.67649, 3.71153, 
Plaqavg:
0.829503
m_0++ seq3:
18.2001, 0.143449, -0.727598, -0.810933, -0.791385, -0.925425, -0.948486, -1.01038, -0.908277, -0.899986, -0.919176, -0.906325, -0.79108, -0.906325, -0.919176, -0.899986, -0.908277, -1.01038, -0.948486, -0.925425, -0.791385, -0.810933, -0.727598, 0.143449, 
m_0-- seq3:
15.9837, 8.83824, 5.67456, 3.32517, 1.67383, 0.538433, 0.0794554, -0.0382734, -0.0354598, -0.0903364, -0.130981, -0.16585, -0.210605, -0.16585, -0.130981, -0.0903364, -0.0354598, -0.0382734, 0.0794554, 0.538433, 1.67383, 3.32517, 5.67456, 8.83824, 
wilson seq3:
22.0513, 3.7293, 1.73524, 0.901574, 0.501232, 0.315696, 0.122226, 0.0692474, 0.0265065, 0.0262662, -0.0224263, -0.0669004, -0.0839943, -0.0669004, -0.0224263, 0.0262662, 0.0265065, 0.0692474, 0.122226, 0.315696, 0.501232, 0.901574, 1.73524, 3.7293, 
Plaqavg:
0.829474
m_0++ seq4:
18.1913, 0.192278, -0.725119, -0.858803, -0.854976, -0.925299, -0.918567, -0.972132, -0.864233, -0.918432, -0.899537, -0.914613, -0.8724, -0.914613, -0.899537, -0.918432, -0.864233, -0.972132, -0.918567, -0.925299, -0.854976, -0.858803, -0.725119, 0.192278, 
m_0-- seq4:
16.6073, 9.73577, 6.91257, 4.91318, 3.28471, 1.99314, 0.88534, 0.0105597, -0.584601, -0.922235, -1.11805, -1.18277, -1.1909, -1.18277, -1.11805, -0.922235, -0.584601, 0.0105597, 0.88534, 1.99314, 3.28471, 4.91318, 6.91257, 9.73577, 
wilson seq4:
22.1702, 3.91431, 1.74747, 0.920224, 0.542781, 0.234798, 0.0422003, -0.0314348, -0.0347787, -0.0296538, -0.16876, -0.150473, -0.0269488, -0.150473, -0.16876, -0.0296538, -0.0347787, -0.0314348, 0.0422003, 0.234798, 0.542781, 0.920224, 1.74747, 3.91431, 
Plaqavg:
0.829564
m_0++ seq5:
18.205, 0.0914545, -0.845745, -0.870959, -0.850121, -0.847998, -0.855349, -0.861134, -0.857307, -0.897107, -0.942206, -0.910964, -0.910108, -0.910964, -0.942206, -0.897107, -0.857307, -0.861134, -0.855349, -0.847998, -0.850121, -0.870959, -0.845745, 0.0914545, 
m_0-- seq5:
17.0041, 9.97451, 7.06586, 4.91975, 3.45502, 2.54822, 2.09242, 1.77925, 1.48058, 1.20626, 0.767954, 0.359283, 0.218665, 0.359283, 0.767954, 1.20626, 1.48058, 1.77925, 2.09242, 2.54822, 3.45502, 4.91975, 7.06586, 9.97451, 
wilson seq5:
22.0734, 3.74154, 1.68032, 0.923719, 0.565309, 0.351902, 0.280526, 0.167215, 0.0359367, 0.049028, 0.0808907, 0.0464013, 0.0358938, 0.0464013, 0.0808907, 0.049028, 0.0359367, 0.167215, 0.280526, 0.351902, 0.565309, 0.923719, 1.68032, 3.74154, 
Plaqavg:
0.829406
m_0++ seq0:
18.1968, 0.243555, -0.741286, -0.912655, -1.01241, -0.882125, -0.8072, -0.835688, -0.8673, -0.933714, -1.0068, -0.915233, -0.855053, -0.915233, -1.0068, -0.933714, -0.8673, -0.835688, -0.8072, -0.882125, -1.01241, -0.912655, -0.741286, 0.243555, 
m_0-- seq0:
24.2953, 16.9472, 13.412, 10.6906, 8.42533, 6.43509, 4.77313, 3.27604, 2.16253, 1.31485, 0.612503, 0.21113, 0.0140729, 0.21113, 0.612503, 1.31485, 2.16253, 3.27604, 4.77313, 6.43509, 8.42533, 10.6906, 13.412, 16.9472, 
wilson seq0:
21.6853, 3.33087, 1.43772, 0.682407, 0.289086, 0.138046, 0.0224043, 0.0144469, -0.0681019, -0.0504055, -0.0862034, -0.0821829, -0.0089441, -0.0821829, -0.0862034, -0.0504055, -0.0681019, 0.0144469, 0.0224043, 0.138046, 0.289086, 0.682407, 1.43772, 3.33087, 
Plaqavg:
0.829306
m_0++ seq1:
18.2014, 0.245184, -0.77569, -0.922793, -0.806239, -0.781787, -0.937096, -0.921082, -0.890087, -0.903835, -0.943495, -0.953049, -1.02147, -0.953049, -0.943495, -0.903835, -0.890087, -0.921082, -0.937096, -0.781787, -0.806239, -0.922793, -0.77569, 0.245184, 
m_0-- seq1:
18.9501, 11.9637, 9.34016, 7.47845, 6.08459, 5.0882, 4.42238, 3.80228, 3.23608, 2.5686, 2.03978, 1.80143, 1.71709, 1.80143, 2.03978, 2.5686, 3.23608, 3.80228, 4.42238, 5.0882, 6.08459, 7.47845, 9.34016, 11.9637, 
wilson seq1:
21.7458, 3.47066, 1.46675, 0.747638, 0.337874, 0.146623, 0.0608353, -0.0172424, -0.0698991, -0.0827371, -0.0730564, -0.0689653, -0.0562198, -0.0689653, -0.0730564, -0.0827371, -0.0698991, -0.0172424, 0.0608353, 0.146623, 0.337874, 0.747638, 1.46675, 3.47066, 
Plaqavg:
0.829443
m_0++ seq2:
18.2022, 0.220694, -0.81165, -0.810389, -0.939317, -0.849119, -0.891632, -0.8859, -0.902978, -0.966794, -0.929201, -0.850061, -0.969482, -0.850061, -0.929201, -0.966794, -0.902978, -0.8859, -0.891632, -0.849119, -0.939317, -0.810389, -0.81165, 0.220694, 
m_0-- seq2:
18.5397, 11.1263, 7.88636, 5.67769, 4.21078, 3.17217, 2.38818, 1.74771, 1.33207, 1.15458, 1.14005, 1.08445, 1.00053, 1.08445, 1.14005, 1.15458, 1.33207, 1.74771, 2.38818, 3.17217, 4.21078, 5.67769, 7.88636, 11.1263, 
wilson seq2:
21.9345, 3.58354, 1.64224, 0.808946, 0.407196, 0.254592, 0.165042, 0.0457706, 0.000952158, 0.0707738, 0.0121127, 0.0328555, -0.0099694, 0.0328555, 0.0121127, 0.0707738, 0.000952158, 0.0457706, 0.165042, 0.254592, 0.407196, 0.808946, 1.64224, 3.58354, 
Plaqavg:
0.829331
m_0++ seq3:
18.0885, 0.0926742, -0.744573, -0.828331, -0.868082, -0.841625, -0.852449, -0.9592, -0.945013, -0.877169, -0.877669, -0.876366, -0.93291, -0.876366, -0.877669, -0.877169, -0.945013, -0.9592, -0.852449, -0.841625, -0.868082, -0.828331, -0.744573, 0.0926742, 
m_0-- seq3:
11.5106, 5.51868, 3.40015, 1.92877, 0.917359, 0.316028, -0.00736126, -0.0495102, 0.0228015, 0.163719, 0.34166, 0.450207, 0.512845, 0.450207, 0.34166, 0.163719, 0.0228015, -0.0495102, -0.00736126, 0.316028, 0.917359, 1.92877, 3.40015, 5.51868, 
wilson seq3:
22.5501, 4.17006, 2.1334, 1.34548, 0.893844, 0.65469, 0.441583, 0.32014, 0.245095, 0.107408, 0.179561, 0.124638, 0.245982, 0.124638, 0.179561, 0.107408, 0.245095, 0.32014, 0.441583, 0.65469, 0.893844, 1.34548, 2.1334, 4.17006, 
Plaqavg:
0.830008
m_0++ seq4:
18.2639, 0.198872, -0.713782, -0.886448, -0.886858, -0.942583, -0.950392, -0.872786, -0.984561, -0.893445, -0.866996, -0.918666, -0.82865, -0.918666, -0.866996, -0.893445, -0.984561, -0.872786, -0.950392, -0.942583, -0.886858, -0.886448, -0.713782, 0.198872, 
m_0-- seq4:
21.9637, 14.5088, 11.2271, 9.14168, 7.67757, 6.60645, 5.70105, 5.04846, 4.55752, 4.36141, 4.3367, 4.43174, 4.51921, 4.43174, 4.3367, 4.36141, 4.55752, 5.04846, 5.70105, 6.60645, 7.67757, 9.14168, 11.2271, 14.5088, 
wilson seq4:
21.7546, 3.41978, 1.43956, 0.66897, 0.38161, 0.195967, 0.0929577, 0.040712, 0.0406436, 0.0603305, 0.0557956, 0.0345962, -0.10567, 0.0345962, 0.0557956, 0.0603305, 0.0406436, 0.040712, 0.0929577, 0.195967, 0.38161, 0.66897, 1.43956, 3.41978, 
Plaqavg:
0.829318
m_0++ seq5:
18.0902, 0.187232, -0.738696, -0.892983, -0.855909, -0.793941, -0.887995, -0.981572, -0.911603, -0.910001, -0.895788, -0.886805, -0.954087, -0.886805, -0.895788, -0.910001, -0.911603, -0.981572, -0.887995, -0.793941, -0.855909, -0.892983, -0.738696, 0.187232, 
m_0-- seq5:
18.1155, 11.3523, 8.44282, 6.26888, 4.71023, 3.61321, 2.74113, 1.97742, 1.46347, 0.940824, 0.615467, 0.437506, 0.312674, 0.437506, 0.615467, 0.940824, 1.46347, 1.97742, 2.74113, 3.61321, 4.71023, 6.26888, 8.44282, 11.3523, 
wilson seq5:
22.0034, 3.62033, 1.4898, 0.763811, 0.365783, 0.218265, 0.0735838, 0.065699, 0.0269022, 0.000852427, -0.0148971, 0.001593, 0.0502139, 0.001593, -0.0148971, 0.000852427, 0.0269022, 0.065699, 0.0735838, 0.218265, 0.365783, 0.763811, 1.4898, 3.62033, 
Plaqavg:
0.829589