Equilibriated:5
m_0++ seq1:
0.727226, 0.229544, 0.532846, -0.0658825, -0.437924, 0.322847, -0.163231, 0.210828, -0.522354, 
m_0-- seq1:
0.0751833, 0.0886043, 0.0617682, 0.0180682, -0.0407626, -0.086247, -0.0999246, 0.0395396, -0.128124, 
Plaqavg:
0.831202
m_0++ seq2:
0.442563, -0.744888, 0.0592141, 0.273371, 0.301713, -0.0375144, 0.120607, -0.611597, 0.331186,
m_0-- seq2:
0.133888, 0.157001, -0.0926751, 0.0285804, -0.00743785, -0.0440361, 0.0579039, 0.0678271, 0.0826539,
Plaqavg:
0.831552
m_0++ seq3:
0.408061, 0.373817, -0.212925, -0.297496, -0.128789, -0.0226557, -0.523568, -0.3026, 0.345753,
m_0-- seq3:
-0.0184632, -0.0984661, 0.00532297, -0.0956733, 0.0267779, -0.0925689, 0.018457, -0.0867017, -0.0794026,
Plaqavg:
0.830838
m_0++ seq4:
-0.357103, -0.0498672, -0.449, 0.666498, -0.407921, -0.144621, -0.267495, -0.0300231, 0.512474,
m_0-- seq4:
0.0238301, 0.129321, -0.0192944, -0.013087, 0.0827759, 0.0557983, -0.0454035, -0.0887019, 0.0162783,
Plaqavg:
0.830044
m_0++ seq5:
0.81398, 0.274265, -0.48339, -0.133806, -0.321766, 0.371767, 0.6095, -0.320319, 0.264444,
m_0-- seq5:
0.111928, 0.0299112, -0.185003, 0.00799329, -0.118944, -0.0168739, -0.0820786, 0.0614024, 0.891657,
Plaqavg:
0.830948
m_0++ seq6:
0.867805, 0.661596, -0.337978, 0.108562, 0.167643, 0.255158, 0.567156, 0.350733, -0.0170574,
m_0-- seq6:
0.420652, 0.354922, 0.00560821, 0.0404488, -0.0558654, -0.0429808, 0.0460567, 0.0269988, -0.0243784,
Plaqavg:
0.830127
m_0++ seq7:
0.209711, 0.471945, -0.133376, 0.39884, -0.130523, 0.228258, 0.301885, 0.405407, 0.227013,
m_0-- seq7:
0.27491, 0.0877311, 0.074802, -0.00769543, 0.0243728, -0.0168206, -0.031679, 0.0221184, 0.0824732,
Plaqavg:
0.831082
m_0++ seq8:
0.663964, 0.350859, -0.312501, -0.0565994, 0.376349, 0.104499, -0.119396, -0.290584, -0.228964,
m_0-- seq8:
1.14418, 1.19002, 0.115733, 0.0701208, -0.0973752, 0.115088, 0.0847533, -0.203221, 0.161215,
Plaqavg:
0.831463
m_0++ seq9:
0.153337, -0.0995867, -0.497998, 0.459351, 0.00437931, 0.414666, -0.30856, 0.0428557, 0.364464,
m_0-- seq9:
0.0365235, -0.113664, 0.0601458, -0.0549381, -0.0765805, -0.0500979, -0.00125975, 0.0106573, 0.159587,
Plaqavg:
0.83124
m_0++ seq10:
0.61832, -0.0875192, -0.13355, 0.283763, 0.714549, 0.499462, 0.316693, 0.0361644, 0.505988,
m_0-- seq10:
-0.138642, -0.0658654, 0.0621503, 0.039863, -0.0211068, -0.143841, -0.0102559, -0.00148768, 0.116018,
Plaqavg:
0.831702
avgplaq:0.83102
plaqsd:0.000530871
completed in:17
