Equilibriated:1403
m_0++ seq1:
44.6983, 1.2521, -0.825909, -1.19912, -1.3695, -1.22343, -1.21297, -1.19414, -1.5351, -1.42372, -1.40967, -1.22816, -1.24596, -1.31885, -1.2383, -1.34929, -1.20906, -1.37925, -1.29315, -1.26783, -1.35573, -1.26783, -1.29315, -1.37925, -1.20906, -1.34929, -1.2383, -1.31885, -1.24596, -1.22816, -1.40967, -1.42372, -1.5351, -1.19414, -1.21297, -1.22343, -1.3695, -1.19912, -0.825909, 1.2521, 
m_0-- seq1:
45.305, 27.5783, 19.8302, 14.5847, 11.3097, 8.97841, 7.42321, 6.56194, 5.71372, 4.97136, 4.84633, 4.99768, 5.01123, 5.02951, 4.93667, 4.9354, 5.54026, 6.21534, 6.68077, 7.06547, 7.10192, 7.06547, 6.68077, 6.21534, 5.54026, 4.9354, 4.93667, 5.02951, 5.01123, 4.99768, 4.84633, 4.97136, 5.71372, 6.56194, 7.42321, 8.97841, 11.3097, 14.5847, 19.8302, 27.5783, 
wilson seq1:
29.0407, 0.840015, 0.239481, 0.0353417, 0.100641, -0.0111545, -0.00524526, -0.0441529, 0.0191087, -0.0149581, 0.0591395, 0.0241309, 0.0042948, 0.000778825, 0.0586806, 0.020943, 0.0408419, -0.0596824, -0.0258918, -0.0243491, -0.0798307, -0.0243491, -0.0258918, -0.0596824, 0.0408419, 0.020943, 0.0586806, 0.000778825, 0.0042948, 0.0241309, 0.0591395, -0.0149581, 0.0191087, -0.0441529, -0.00524526, -0.0111545, 0.100641, 0.0353417, 0.239481, 0.840015, 
Plaqavg:
0.82933
m_0++ seq2:
44.9975, 1.2585, -1.21602, -1.3406, -1.29458, -1.36045, -1.15769, -1.35167, -1.35681, -1.28, -1.35153, -1.05539, -1.22505, -1.37762, -1.34966, -1.41793, -1.3897, -1.1037, -1.2319, -1.18753, -1.41884, -1.18753, -1.2319, -1.1037, -1.3897, -1.41793, -1.34966, -1.37762, -1.22505, -1.05539, -1.35153, -1.28, -1.35681, -1.35167, -1.15769, -1.36045, -1.29458, -1.3406, -1.21602, 1.2585, 
m_0-- seq2:
52.6875, 35.7249, 28.5875, 23.5841, 19.8185, 16.9866, 14.9197, 13.3164, 12.0262, 10.8679, 9.94665, 9.32421, 8.90615, 8.55557, 7.96247, 7.39119, 6.91061, 6.62798, 6.37028, 6.48019, 6.63361, 6.48019, 6.37028, 6.62798, 6.91061, 7.39119, 7.96247, 8.55557, 8.90615, 9.32421, 9.94665, 10.8679, 12.0262, 13.3164, 14.9197, 16.9866, 19.8185, 23.5841, 28.5875, 35.7249, 
wilson seq2:
29.1222, 0.906006, 0.215821, 0.078605, 0.0222965, 0.0457863, 0.0208593, 0.0503076, -0.0371303, -0.0189911, -0.0369287, 0.00424837, -0.0772696, 0.00376243, 0.00187917, -0.0384369, 0.0266186, -0.0426526, 0.00562706, -0.0347325, 0.0257255, -0.0347325, 0.00562706, -0.0426526, 0.0266186, -0.0384369, 0.00187917, 0.00376243, -0.0772696, 0.00424837, -0.0369287, -0.0189911, -0.0371303, 0.0503076, 0.0208593, 0.0457863, 0.0222965, 0.078605, 0.215821, 0.906006, 
Plaqavg:
0.829452
m_0++ seq3:
44.748, 1.23459, -1.0238, -1.22738, -1.17722, -1.29095, -1.29663, -1.4965, -1.30493, -1.4029, -1.21116, -1.23427, -1.04764, -1.34893, -1.42856, -1.40097, -1.41814, -1.15516, -1.21109, -1.29081, -1.28307, -1.29081, -1.21109, -1.15516, -1.41814, -1.40097, -1.42856, -1.34893, -1.04764, -1.23427, -1.21116, -1.4029, -1.30493, -1.4965, -1.29663, -1.29095, -1.17722, -1.22738, -1.0238, 1.23459, 
m_0-- seq3:
45.6199, 29.0378, 22.5024, 17.9569, 14.8042, 12.3189, 10.3892, 8.68154, 7.17317, 5.76268, 4.34774, 3.24644, 2.25805, 1.76051, 1.81368, 2.07419, 2.47245, 2.82869, 3.29353, 3.93597, 4.18932, 3.93597, 3.29353, 2.82869, 2.47245, 2.07419, 1.81368, 1.76051, 2.25805, 3.24644, 4.34774, 5.76268, 7.17317, 8.68154, 10.3892, 12.3189, 14.8042, 17.9569, 22.5024, 29.0378, 
wilson seq3:
29.086, 0.870085, 0.205688, 0.114268, 0.00441388, -0.0208773, -0.00414098, 0.0105931, 0.0578418, -0.00355503, -0.0154308, 0.0597804, 0.0323095, -0.0167879, -0.0211237, 0.0469043, -0.00628543, 0.0504332, 0.048645, -0.00322948, -0.000854422, -0.00322948, 0.048645, 0.0504332, -0.00628543, 0.0469043, -0.0211237, -0.0167879, 0.0323095, 0.0597804, -0.0154308, -0.00355503, 0.0578418, 0.0105931, -0.00414098, -0.0208773, 0.00441388, 0.114268, 0.205688, 0.870085, 
Plaqavg:
0.829511
