Equilibriated:307
m_0++ seq1:
5.15277, 6.27299, 3.28777, -4.04374, 2.69303, 3.13464, 2.2459, 0.669021, 0.938987, -0.956018, -3.60209, -1.01764, 1.58332, 1.41387, 1.96083, -2.1861, 1.20018, -3.45053, -2.59027, 3.10734, 0.314297, -2.82505, -0.036627, 1.14981, 4.74574, 2.85406, -1.43673, 0.829456, 5.12921, 3.17358, 2.56945, -1.43035, 1.10342, 2.40431, 2.34979, -2.45904, 2.64625, -0.0773041, 3.63175, 
m_0-- seq1:
22.8458, 16.7184, 13.1124, 10.0086, 4.7321, 6.3429, 4.09198, -0.391664, 1.64027, 2.16774, -0.287479, -1.95979, -1.86727, -6.28352, -9.75825, -9.35852, -8.2888, -10.8328, -9.83133, -10.3013, -11.1796, -9.85821, -6.09146, -5.44411, -4.21467, -4.05531, -5.00068, -5.87, -3.78859, 6.79862, 7.30164, 3.83246, -3.0747, -19.6531, -31.7113, -23.9808, -18.9281, -12.9446, 11.2789, 
Plaqavg:
0.829439
m_0++ seq2:
1.50285, 0.291232, -1.17223, -0.774358, -0.203763, 0.79306, 2.27451, -4.0426, -3.08855, 0.19198, 3.96065, 0.696812, 0.917849, 1.31554, 3.74425, -1.56176, -3.40721, 3.30208, 0.173775, 0.336195, 0.851572, -1.09496, 2.27997, 0.729597, 2.29084, -1.37826, -2.19103, -0.187841, 1.35335, 1.39762, 0.801631, 1.09971, 1.03935, -2.206, -0.386024, -1.56, -2.05042, 1.84192, 4.70132, 
m_0-- seq2:
17.1574, 14.5863, 15.5266, 13.5818, 13.1148, 14.8326, 11.9509, 7.47492, 7.36269, 8.20806, 11.2806, 9.63905, 9.97248, 10.613, 6.84728, 5.79468, 7.07868, 3.12482, 0.231325, -0.308881, -7.28748, -13.5065, -16.7937, -13.2929, -13.9952, -8.23757, -9.72251, -5.24363, -1.05275, 2.46017, -0.467816, -0.495995, 0.766505, -3.68179, -9.80541, -7.71696, -3.62681, -0.218845, 10.426, 
Plaqavg:
0.829807
m_0++ seq3:
-0.261033, 0.315361, 4.41932, -0.64412, 0.913358, -0.864971, -0.354182, -1.8696, 3.14277, 1.83005, -1.88612, 0.510004, -1.87582, -2.14368, -0.810063, -1.07212, -2.25102, 0.740248, -0.753345, -1.69922, -0.384151, -0.618505, 1.6919, -0.369654, 2.08397, -0.840925, 0.0378545, 5.20273, -1.74754, 2.76981, 0.373239, 1.99532, 2.19201, 0.357047, 4.17491, 2.08534, 0.806925, 5.30826, 3.22023, 
m_0-- seq3:
8.05451, 2.41202, -4.12953, -4.58096, -3.48224, -11.2279, -12.9915, -10.5003, -6.29427, -5.99826, -5.68346, -6.15371, -9.27132, -13.7324, -10.1771, -6.76956, -6.34907, -3.31124, -4.403, -4.15184, -1.20009, -1.53355, -7.30872, -7.94579, -13.1159, -10.0657, -4.80544, -3.24761, -0.740495, 4.89311, 2.60056, 2.39106, 2.09147, 1.28756, -9.92009, -1.93863, 0.157375, -0.810718, 10.5168, 
Plaqavg:
0.829427
m_0++ seq4:
2.90876, -0.126235, -0.144477, -0.10636, 1.99821, 1.49591, -3.43873, -1.44577, 1.65775, 2.74004, -3.22465, 3.17637, 2.36418, 0.161931, -0.967996, -1.62983, 0.643271, 2.70321, 0.741279, -2.26188, -2.85351, -2.10122, -1.35112, -2.01437, -0.761294, -1.03949, -2.25696, 2.34897, -1.22193, -1.72776, -0.288484, 0.649927, -0.381115, 2.08103, -0.559926, 0.605494, -3.86993, -3.01018, -3.12872, 
m_0-- seq4:
15.0913, 10.271, 3.1593, 0.942683, -4.90859, -16.2269, -14.3135, -5.32633, 0.656659, -2.86152, -10.1213, -14.7367, -11.8821, -11.7249, -16.5566, -9.18833, 2.55082, 4.45041, 2.35394, 6.97577, -1.07332, -7.03942, -19.3405, -10.1955, -2.6471, -13.2854, -6.98695, -11.5257, -13.7637, -9.38172, -10.1619, -11.0877, -7.97974, -4.06937, -1.90408, -4.09957, 4.64583, 2.86735, 12.467, 
Plaqavg:
0.829018
m_0++ seq5:
2.4738, 0.419115, 0.5162, 2.38389, -1.03705, -4.63752, -0.707102, -1.69741, 0.298042, -1.80172, 2.98238, -2.00451, -1.67101, -3.82065, -2.49021, 0.239249, -1.35907, 1.55733, -1.13833, -2.54891, 2.49466, 4.35212, 0.134226, -1.54404, 1.3876, -1.16879, -2.20486, 0.84722, 1.33027, 2.5033, 0.847924, 0.209858, 3.16055, 3.97999, -0.0412172, 3.68066, 1.97553, 0.722715, 3.40897, 
m_0-- seq5:
5.16419, -0.882269, 0.265486, -0.102622, -3.81622, -9.142, -13.013, -13.3934, -14.2695, -12.4439, -14.4465, -12.7589, -11.9498, -10.1176, -5.7051, -5.04148, -2.96947, 1.04282, 0.523575, 4.96639, 0.862041, -1.74286, -3.27836, -4.27542, -0.913694, -5.44887, -7.51904, -7.27854, -9.0385, -7.14328, -4.3914, -6.26044, -4.01481, 2.01902, 5.63477, 5.03388, 9.59737, 11.7416, 12.6792, 
Plaqavg:
0.829606
m_0++ seq6:
2.94065, 2.86958, 3.26524, 4.77734, 1.58213, -0.401111, -0.935878, 1.82895, -2.99965, 0.835615, 1.3821, 0.842133, 1.95421, 0.661428, -0.214239, 0.8374, -0.671165, 1.74557, -0.299433, -0.686737, 0.452537, -0.557947, -2.45083, -0.790574, -1.29638, -0.951194, -0.120499, 3.20866, -1.38124, 0.242574, 2.0766, -3.0858, -0.764586, -0.570883, 2.42887, -1.70035, -1.22877, 2.18232, 0.15644, 
m_0-- seq6:
23.2785, 23.2545, 24.2132, 25.0356, 14.4066, 6.99875, 4.10363, 7.76202, 21.0188, 24.8717, 28.8725, 22.1622, 17.5259, 14.677, 10.3453, 5.46457, -3.4292, 5.91358, 9.36936, 9.73055, 5.96701, 3.60276, 10.1253, 1.62476, 3.2451, 8.27053, 3.47657, -1.20285, -1.31955, -5.08404, -9.96045, -1.05191, 3.9044, 10.7739, 4.04187, 5.70763, 11.5928, 12.6041, 15.8336, 
Plaqavg:
0.829557
m_0++ seq7:
3.41666, 0.285594, -3.70823, -2.97433, 1.70716, 2.31827, -0.11958, 0.242035, 0.677212, -0.586677, -2.87601, -0.82963, -0.436255, 0.420539, 1.49523, 3.87706, -1.22641, 0.678824, 0.164905, -2.08849, -0.549595, 0.168466, -0.145572, 0.0879618, 0.127294, 3.13385, 1.73074, 1.48379, -0.533981, 0.0985486, -0.78437, 5.90798, -1.86067, 0.16492, 0.647454, -1.57465, 3.48036, 2.29219, 2.87179, 
m_0-- seq7:
69.4972, 82.4951, 86.9864, 72.3214, 58.0591, 52.172, 47.1299, 47.8531, 47.9614, 44.6925, 22.0923, 16.4363, 5.91706, -6.50981, -1.07727, 3.84727, 15.7866, 18.8852, 14.6281, 8.8764, -6.20878, -13.8338, -18.8437, -25.7124, -28.9405, -22.9381, -7.27547, 3.39581, 2.89304, -10.1859, -15.2056, 5.98686, 8.71652, 21.1962, 27.4367, 41.6612, 54.9225, 82.3623, 90.6677, 
Plaqavg:
0.82966
m_0++ seq8:
1.93675, -1.376, -1.2398, 2.81083, -1.70067, -2.14523, 4.89708, 2.02095, 1.13508, -0.576816, 2.82035, 1.90233, 4.10415, 2.11433, -0.835304, 0.699449, -0.684274, -3.08783, -0.547942, 3.09659, 1.71274, -0.814643, 0.142884, 2.06694, 0.893799, 2.07832, 0.583255, 2.97506, -2.42112, -2.41637, 2.93506, 0.454017, 2.8416, 4.57045, 0.749724, -0.121089, -0.548522, 1.90001, 5.84121, 
m_0-- seq8:
50.0166, 41.6157, 38.6112, 33.2335, 16.1675, 8.26503, 15.4136, 20.9013, 29.7506, 17.5399, 21.6886, 17.7278, 5.09639, -4.17796, -6.04779, -0.413544, -7.01401, 8.00151, 28.1761, 33.9957, 25.5329, 22.0547, -0.50636, 0.513779, 5.24941, -4.10916, -19.5862, -25.8185, -16.2531, -6.58995, -5.34617, 1.06269, 29.1916, 50.9309, 64.9172, 66.3898, 59.9883, 54.8486, 49.4055, 
Plaqavg:
0.829489
m_0++ seq9:
1.64676, 0.460956, 1.97012, 1.66748, 0.316986, -3.65207, -2.33429, -1.88346, -2.24758, 0.368837, 1.14503, 0.0997959, 0.76519, 1.05095, -0.28328, 2.42396, 1.2527, 1.51009, 2.49757, 1.64709, 1.39671, 2.66124, -0.292286, 1.762, 0.468211, -1.32435, 0.600074, -1.0057, -0.0819216, -0.75252, -2.33427, 2.89064, 1.09694, -0.950411, 2.29303, -0.121556, -0.321058, 1.33787, 4.30849, 
m_0-- seq9:
72.7263, 63.8699, 45.4851, 10.1152, -16.3589, -23.8572, -25.1321, -12.4863, -5.29941, 8.48393, 30.4919, 54.1, 61.0784, 61.1934, 73.9619, 67.2026, 76.005, 57.4799, 58.9439, 69.0063, 66.4133, 57.8399, 54.956, 44.9735, 48.2596, 53.6758, 52.1386, 57.127, 56.596, 47.457, 49.3504, 58.3644, 76.7202, 76.0025, 76.4983, 88.3023, 90.4089, 81.9769, 86.9068, 
Plaqavg:
0.829822
m_0++ seq10:
-1.87546, 4.8184, 0.298301, -0.854897, 0.167932, 1.69512, 1.69821, -2.40269, -1.22789, -0.706351, -0.143068, 1.88628, -2.03212, -3.43691, -0.35419, 0.848482, -2.01424, 0.718383, -0.0575173, -0.727016, -1.81078, 1.49282, -0.0665817, 1.81729, 1.62297, -2.6555, -1.04303, 1.15102, -0.926987, 2.05218, 0.0814687, -2.5598, -1.96188, 1.29144, 2.82552, 2.13606, 1.87128, 1.69306, 3.49365, 
m_0-- seq10:
87.7453, 100.807, 92.707, 87.383, 69.6181, 31.3173, 6.75945, 2.78354, 3.06972, 9.41034, 4.85209, -2.98512, 13.0823, 26.7886, 43.3008, 44.2507, 25.0604, 33.1194, 32.1081, 51.2695, 61.6524, 73.5917, 80.2925, 83.9207, 72.6121, 67.3218, 65.4632, 56.6854, 52.356, 63.735, 59.7692, 54.1242, 49.2689, 49.4098, 53.9584, 54.2409, 76.5542, 85.7178, 101.053, 
Plaqavg:
0.829636
avgplaq:0.829546
plaqsd:0.000218248
completed in:1087
