Equilibriated:704
m_0++ seq1:
40.0237, 1.0155, -1.0238, -1.04115, -1.10537, -1.16152, -1.27354, -1.32085, -1.22767, -1.15601, -1.05328, -1.06885, -1.29839, -1.08963, -1.0147, -1.19569, -1.26111, -1.04565, -1.08806, -1.09886, -1.00641, -1.09886, -1.08806, -1.04565, -1.26111, -1.19569, -1.0147, -1.08963, -1.29839, -1.06885, -1.05328, -1.15601, -1.22767, -1.32085, -1.27354, -1.16152, -1.10537, -1.04115, -1.0238, 1.0155, 
m_0-- seq1:
36.1189, 23.5493, 18.3282, 14.1653, 10.5883, 7.73404, 5.57489, 3.871, 2.46618, 1.35577, 0.51088, 0.122179, 0.0439578, -0.28932, -0.727933, -1.15428, -1.67329, -2.19615, -2.66301, -2.91654, -3.03643, -2.91654, -2.66301, -2.19615, -1.67329, -1.15428, -0.727933, -0.28932, 0.0439578, 0.122179, 0.51088, 1.35577, 2.46618, 3.871, 5.57489, 7.73404, 10.5883, 14.1653, 18.3282, 23.5493, 
wilson seq1:
29.5203, 1.27195, 0.31563, 0.134311, 0.0699594, 0.0537715, 0.0567508, 0.0131883, 0.0287253, -0.0299452, -0.0194086, -0.0784613, 0.0335462, 0.0273976, 0.0613151, 0.0107737, 0.10181, -0.0071184, 0.024111, 0.00128025, -0.000627762, 0.00128025, 0.024111, -0.0071184, 0.10181, 0.0107737, 0.0613151, 0.0273976, 0.0335462, -0.0784613, -0.0194086, -0.0299452, 0.0287253, 0.0131883, 0.0567508, 0.0537715, 0.0699594, 0.134311, 0.31563, 1.27195, 
Plaqavg:
0.838638
m_0++ seq2:
39.7177, 0.866118, -0.712154, -1.00543, -1.07861, -1.08043, -1.10437, -1.11689, -1.13224, -1.15576, -1.14219, -1.13804, -1.18671, -1.25275, -1.15607, -1.26969, -1.2672, -1.13326, -1.15327, -1.06159, -1.15658, -1.06159, -1.15327, -1.13326, -1.2672, -1.26969, -1.15607, -1.25275, -1.18671, -1.13804, -1.14219, -1.15576, -1.13224, -1.11689, -1.10437, -1.08043, -1.07861, -1.00543, -0.712154, 0.866118, 
m_0-- seq2:
46.1814, 34.0276, 28.7002, 24.1396, 20.1972, 16.8792, 14.1755, 11.8199, 9.99173, 8.56695, 7.39876, 6.73889, 6.51748, 6.51493, 6.60433, 6.87006, 6.96888, 6.90635, 6.96282, 6.92889, 6.90501, 6.92889, 6.96282, 6.90635, 6.96888, 6.87006, 6.60433, 6.51493, 6.51748, 6.73889, 7.39876, 8.56695, 9.99173, 11.8199, 14.1755, 16.8792, 20.1972, 24.1396, 28.7002, 34.0276, 
wilson seq2:
29.5303, 1.30365, 0.362735, 0.114013, 0.0657903, 0.0562173, -0.00542918, -0.0877346, -0.034611, -0.0190956, -0.0512071, -0.0240658, -0.0324503, 0.0206691, -0.0173146, 0.0300721, -0.0100154, 0.0434052, -0.0640982, 0.0474705, 0.0483863, 0.0474705, -0.0640982, 0.0434052, -0.0100154, 0.0300721, -0.0173146, 0.0206691, -0.0324503, -0.0240658, -0.0512071, -0.0190956, -0.034611, -0.0877346, -0.00542918, 0.0562173, 0.0657903, 0.114013, 0.362735, 1.30365, 
Plaqavg:
0.838703
m_0++ seq3:
40.029, 0.868228, -1.03534, -1.12246, -1.10952, -0.967333, -0.957279, -1.06182, -1.08795, -1.13598, -1.17061, -1.08571, -1.2369, -1.24512, -1.19846, -1.16807, -1.07925, -1.08777, -1.29772, -1.23384, -1.20323, -1.23384, -1.29772, -1.08777, -1.07925, -1.16807, -1.19846, -1.24512, -1.2369, -1.08571, -1.17061, -1.13598, -1.08795, -1.06182, -0.957279, -0.967333, -1.10952, -1.12246, -1.03534, 0.868228, 
m_0-- seq3:
32.2729, 20.2931, 15.5325, 11.7472, 8.90635, 6.65743, 4.87053, 3.23833, 1.916, 0.746302, -0.416446, -1.53594, -2.46732, -3.26401, -3.85728, -4.43552, -4.8411, -5.2634, -5.52121, -5.68278, -5.79076, -5.68278, -5.52121, -5.2634, -4.8411, -4.43552, -3.85728, -3.26401, -2.46732, -1.53594, -0.416446, 0.746302, 1.916, 3.23833, 4.87053, 6.65743, 8.90635, 11.7472, 15.5325, 20.2931, 
wilson seq3:
29.6264, 1.32798, 0.336692, 0.118567, 0.0877238, 0.0245641, 0.0257695, -0.00432438, 0.00798212, 0.000567324, 0.0160674, -0.0209706, -0.0120445, -0.00527858, -0.0301404, 0.00956, 0.0437052, 0.0634407, -0.0173549, 0.00153987, -0.0769153, 0.00153987, -0.0173549, 0.0634407, 0.0437052, 0.00956, -0.0301404, -0.00527858, -0.0120445, -0.0209706, 0.0160674, 0.000567324, 0.00798212, -0.00432438, 0.0257695, 0.0245641, 0.0877238, 0.118567, 0.336692, 1.32798, 
Plaqavg:
0.838747
m_0++ seq4:
40.1279, 0.993663, -0.83457, -1.11134, -1.08596, -1.10079, -1.12529, -1.2319, -1.04777, -1.25116, -1.13192, -1.36853, -1.28399, -1.13539, -1.16023, -1.13645, -1.10893, -1.22842, -1.16697, -1.04628, -1.00343, -1.04628, -1.16697, -1.22842, -1.10893, -1.13645, -1.16023, -1.13539, -1.28399, -1.36853, -1.13192, -1.25116, -1.04777, -1.2319, -1.12529, -1.10079, -1.08596, -1.11134, -0.83457, 0.993663, 
m_0-- seq4:
36.426, 24.2001, 19.1897, 15.1448, 11.6414, 8.57041, 5.85789, 3.63886, 1.95896, 0.674693, -0.200334, -0.85661, -1.24612, -1.31625, -0.90319, -0.209986, 0.55253, 1.19619, 1.72837, 2.01481, 2.10529, 2.01481, 1.72837, 1.19619, 0.55253, -0.209986, -0.90319, -1.31625, -1.24612, -0.85661, -0.200334, 0.674693, 1.95896, 3.63886, 5.85789, 8.57041, 11.6414, 15.1448, 19.1897, 24.2001, 
wilson seq4:
29.5332, 1.31181, 0.313382, 0.0753061, 0.060325, 0.000204904, 0.0468877, 0.050423, -0.00376546, 0.00324986, -0.0240433, -0.0446601, -0.102737, -0.0366261, 0.0068128, -0.0256179, 0.0342745, -0.0502989, -0.0405659, 0.0273866, 0.0300787, 0.0273866, -0.0405659, -0.0502989, 0.0342745, -0.0256179, 0.0068128, -0.0366261, -0.102737, -0.0446601, -0.0240433, 0.00324986, -0.00376546, 0.050423, 0.0468877, 0.000204904, 0.060325, 0.0753061, 0.313382, 1.31181, 
Plaqavg:
0.838677
m_0++ seq5:
40.1841, 0.968232, -0.950528, -1.08922, -1.15126, -0.982416, -1.04961, -1.24091, -1.21735, -1.09857, -0.977969, -1.16199, -1.1168, -1.16774, -1.12182, -1.2027, -1.09156, -1.19795, -1.1986, -1.34352, -1.39951, -1.34352, -1.1986, -1.19795, -1.09156, -1.2027, -1.12182, -1.16774, -1.1168, -1.16199, -0.977969, -1.09857, -1.21735, -1.24091, -1.04961, -0.982416, -1.15126, -1.08922, -0.950528, 0.968232, 
m_0-- seq5:
40.8403, 28.0995, 22.6749, 18.5736, 15.2195, 12.4661, 10.2549, 8.3807, 6.60086, 4.86165, 3.10324, 1.37052, -0.322091, -1.92721, -3.39483, -4.25898, -4.86034, -5.33298, -5.77811, -6.23708, -6.34, -6.23708, -5.77811, -5.33298, -4.86034, -4.25898, -3.39483, -1.92721, -0.322091, 1.37052, 3.10324, 4.86165, 6.60086, 8.3807, 10.2549, 12.4661, 15.2195, 18.5736, 22.6749, 28.0995, 
wilson seq5:
29.5145, 1.25747, 0.345332, 0.161608, 0.047196, 0.0772612, -0.0066045, -0.0177544, -0.0152137, 0.0256931, -0.0103661, -0.0510451, 0.0773634, 0.0243033, 0.0417818, 0.0172612, -0.0278746, 0.0625291, -0.0728953, -0.00505924, -0.0302658, -0.00505924, -0.0728953, 0.0625291, -0.0278746, 0.0172612, 0.0417818, 0.0243033, 0.0773634, -0.0510451, -0.0103661, 0.0256931, -0.0152137, -0.0177544, -0.0066045, 0.0772612, 0.047196, 0.161608, 0.345332, 1.25747, 
Plaqavg:
0.838587
m_0++ seq6:
40.2584, 0.932482, -0.713711, -0.942655, -1.10513, -1.05078, -1.10866, -1.11316, -1.2223, -1.20314, -1.25114, -1.36582, -1.1214, -1.13578, -1.1578, -1.35812, -1.25544, -1.16761, -1.12381, -0.982971, -1.36453, -0.982971, -1.12381, -1.16761, -1.25544, -1.35812, -1.1578, -1.13578, -1.1214, -1.36582, -1.25114, -1.20314, -1.2223, -1.11316, -1.10866, -1.05078, -1.10513, -0.942655, -0.713711, 0.932482, 
m_0-- seq6:
48.4007, 35.3864, 28.8683, 23.2178, 18.2936, 13.76, 9.83706, 6.57955, 4.06885, 1.90433, 0.0348541, -1.30184, -1.93359, -1.8416, -1.26842, -0.710551, -0.204641, 0.145789, 0.436622, 0.729205, 0.908924, 0.729205, 0.436622, 0.145789, -0.204641, -0.710551, -1.26842, -1.8416, -1.93359, -1.30184, 0.0348541, 1.90433, 4.06885, 6.57955, 9.83706, 13.76, 18.2936, 23.2178, 28.8683, 35.3864, 
wilson seq6:
29.4745, 1.27494, 0.264118, 0.0641614, 0.0297432, 0.030753, 0.00848392, 0.0578174, 0.0261781, -0.00482713, -0.0735007, 0.00488534, 0.0448468, -0.0371613, 0.0424716, -0.0075217, -0.0144671, -0.0556715, -0.0551072, -0.0619772, 0.0197362, -0.0619772, -0.0551072, -0.0556715, -0.0144671, -0.0075217, 0.0424716, -0.0371613, 0.0448468, 0.00488534, -0.0735007, -0.00482713, 0.0261781, 0.0578174, 0.00848392, 0.030753, 0.0297432, 0.0641614, 0.264118, 1.27494, 
Plaqavg:
0.838624
m_0++ seq1:
39.9933, 0.933133, -0.767542, -1.25648, -1.00854, -1.15055, -1.31276, -1.16586, -1.07266, -1.14947, -1.19935, -1.12809, -1.03602, -1.24395, -1.115, -1.16257, -1.24251, -1.09951, -1.01797, -1.1405, -1.32093, -1.1405, -1.01797, -1.09951, -1.24251, -1.16257, -1.115, -1.24395, -1.03602, -1.12809, -1.19935, -1.14947, -1.07266, -1.16586, -1.31276, -1.15055, -1.00854, -1.25648, -0.767542, 0.933133, 
m_0-- seq1:
40.5811, 28.7081, 24.1815, 20.8159, 18.1297, 15.7877, 13.8123, 12.089, 10.3254, 8.48839, 6.67415, 4.95923, 3.54088, 2.42373, 1.5094, 0.71492, 0.0597125, -0.463698, -0.830173, -1.07811, -1.1454, -1.07811, -0.830173, -0.463698, 0.0597125, 0.71492, 1.5094, 2.42373, 3.54088, 4.95923, 6.67415, 8.48839, 10.3254, 12.089, 13.8123, 15.7877, 18.1297, 20.8159, 24.1815, 28.7081, 
wilson seq1:
29.5763, 1.30262, 0.336818, 0.111163, 0.0777548, -0.0431099, 0.0116869, 0.067761, -0.00392099, 0.00664999, 0.0416586, 0.0283077, -0.0162715, -0.00964454, -0.0642378, 0.00200138, -0.0198423, -0.00125891, -0.00751254, -0.0436968, -0.115968, -0.0436968, -0.00751254, -0.00125891, -0.0198423, 0.00200138, -0.0642378, -0.00964454, -0.0162715, 0.0283077, 0.0416586, 0.00664999, -0.00392099, 0.067761, 0.0116869, -0.0431099, 0.0777548, 0.111163, 0.336818, 1.30262, 
Plaqavg:
0.838735
m_0++ seq2:
40.147, 0.987495, -0.806334, -1.04543, -0.969063, -1.18803, -1.10445, -1.00643, -1.22253, -1.1808, -1.15991, -1.16481, -1.19897, -1.20105, -1.20502, -1.14824, -1.10944, -1.18347, -1.17851, -1.33601, -1.30498, -1.33601, -1.17851, -1.18347, -1.10944, -1.14824, -1.20502, -1.20105, -1.19897, -1.16481, -1.15991, -1.1808, -1.22253, -1.00643, -1.10445, -1.18803, -0.969063, -1.04543, -0.806334, 0.987495, 
m_0-- seq2:
39.5995, 28.0998, 24.338, 21.469, 19.0972, 17.2774, 15.619, 14.0631, 12.5843, 11.1931, 9.85379, 8.7645, 7.96435, 7.44494, 7.17694, 7.3121, 7.45425, 7.5708, 7.72151, 7.82813, 7.85903, 7.82813, 7.72151, 7.5708, 7.45425, 7.3121, 7.17694, 7.44494, 7.96435, 8.7645, 9.85379, 11.1931, 12.5843, 14.0631, 15.619, 17.2774, 19.0972, 21.469, 24.338, 28.0998, 
wilson seq2:
29.5562, 1.33599, 0.349116, 0.137596, 0.129234, 0.0274742, 0.00139393, 0.00355983, 0.0167852, 0.0376071, -0.0133765, 0.00102935, -0.0514844, -0.0244137, -0.0363429, 0.00637449, -0.0617093, -0.0242876, 0.000190014, 0.0216529, 0.0142546, 0.0216529, 0.000190014, -0.0242876, -0.0617093, 0.00637449, -0.0363429, -0.0244137, -0.0514844, 0.00102935, -0.0133765, 0.0376071, 0.0167852, 0.00355983, 0.00139393, 0.0274742, 0.129234, 0.137596, 0.349116, 1.33599, 
Plaqavg:
0.838814
m_0++ seq3:
39.9204, 1.00868, -1.00464, -1.08475, -1.12502, -1.20869, -1.00762, -1.20004, -1.14928, -1.2592, -1.10676, -1.04403, -1.28417, -1.12563, -1.19879, -1.24503, -1.07398, -1.1029, -0.9817, -1.19043, -1.15244, -1.19043, -0.9817, -1.1029, -1.07398, -1.24503, -1.19879, -1.12563, -1.28417, -1.04403, -1.10676, -1.2592, -1.14928, -1.20004, -1.00762, -1.20869, -1.12502, -1.08475, -1.00464, 1.00868, 
m_0-- seq3:
39.4172, 27.5734, 23.0276, 19.3008, 16.2895, 13.7102, 11.4164, 9.30389, 7.41937, 5.92524, 4.58271, 3.20485, 1.84547, 0.720118, -0.393008, -1.32908, -1.86081, -2.15263, -2.19435, -2.14974, -2.1204, -2.14974, -2.19435, -2.15263, -1.86081, -1.32908, -0.393008, 0.720118, 1.84547, 3.20485, 4.58271, 5.92524, 7.41937, 9.30389, 11.4164, 13.7102, 16.2895, 19.3008, 23.0276, 27.5734, 
wilson seq3:
29.579, 1.24694, 0.361337, 0.144024, 0.0347982, 0.0778095, -0.00708589, -0.0646308, 0.0462891, -0.000595557, 0.0483535, -0.0507615, 0.00134929, -0.00364264, -0.0618978, -0.0228614, -0.0696919, -0.0182286, -0.0803584, -0.0280749, -0.103856, -0.0280749, -0.0803584, -0.0182286, -0.0696919, -0.0228614, -0.0618978, -0.00364264, 0.00134929, -0.0507615, 0.0483535, -0.000595557, 0.0462891, -0.0646308, -0.00708589, 0.0778095, 0.0347982, 0.144024, 0.361337, 1.24694, 
Plaqavg:
0.838794
m_0++ seq4:
40.0004, 0.913748, -1.05444, -1.13344, -1.23318, -1.175, -1.42325, -1.27139, -1.24231, -1.09065, -1.09128, -1.0031, -1.0868, -0.977791, -1.06758, -1.04554, -1.16979, -1.1668, -1.10522, -1.01694, -1.11885, -1.01694, -1.10522, -1.1668, -1.16979, -1.04554, -1.06758, -0.977791, -1.0868, -1.0031, -1.09128, -1.09065, -1.24231, -1.27139, -1.42325, -1.175, -1.23318, -1.13344, -1.05444, 0.913748, 
m_0-- seq4:
32.1332, 19.8305, 14.4955, 10.0796, 6.47499, 3.60646, 1.4912, -0.0239085, -1.02351, -1.45473, -1.3735, -1.01064, -0.468139, 0.228542, 0.820631, 1.25449, 1.70494, 2.12476, 2.45743, 2.81339, 2.95434, 2.81339, 2.45743, 2.12476, 1.70494, 1.25449, 0.820631, 0.228542, -0.468139, -1.01064, -1.3735, -1.45473, -1.02351, -0.0239085, 1.4912, 3.60646, 6.47499, 10.0796, 14.4955, 19.8305, 
wilson seq4:
29.6402, 1.28708, 0.427428, 0.139051, 0.0787539, -0.00649396, -0.00755762, -0.0579423, -0.0549297, 0.00201419, -0.00900895, -0.012835, 0.0244431, 0.0114837, 0.0934092, -0.015726, -0.048498, 0.0341754, 1.82598e-05, 0.00676091, -0.0723295, 0.00676091, 1.82598e-05, 0.0341754, -0.048498, -0.015726, 0.0934092, 0.0114837, 0.0244431, -0.012835, -0.00900895, 0.00201419, -0.0549297, -0.0579423, -0.00755762, -0.00649396, 0.0787539, 0.139051, 0.427428, 1.28708, 
Plaqavg:
0.838708
m_0++ seq5:
39.9687, 0.999303, -0.865696, -1.04963, -1.16322, -1.08481, -1.20049, -1.17371, -1.24975, -1.02968, -1.1507, -1.12673, -1.12111, -1.16198, -1.21976, -1.16077, -1.14087, -1.19579, -1.05845, -1.22614, -1.20878, -1.22614, -1.05845, -1.19579, -1.14087, -1.16077, -1.21976, -1.16198, -1.12111, -1.12673, -1.1507, -1.02968, -1.24975, -1.17371, -1.20049, -1.08481, -1.16322, -1.04963, -0.865696, 0.999303, 
m_0-- seq5:
43.1546, 31.077, 26.378, 22.6723, 19.487, 16.55, 13.9095, 11.4045, 8.92016, 6.45414, 4.13283, 1.96039, -0.128311, -2.08631, -3.91252, -5.76918, -7.40237, -8.84575, -9.8994, -10.67, -11.0114, -10.67, -9.8994, -8.84575, -7.40237, -5.76918, -3.91252, -2.08631, -0.128311, 1.96039, 4.13283, 6.45414, 8.92016, 11.4045, 13.9095, 16.55, 19.487, 22.6723, 26.378, 31.077, 
wilson seq5:
29.5438, 1.27832, 0.356004, 0.170525, 0.0480086, -0.0138646, -0.00635105, -0.0476216, -0.0326668, -0.00147138, -0.0316381, -0.0415947, -0.0169365, 0.048384, -0.0194842, 0.0399337, -0.0210854, -0.0485924, 0.0386473, 0.0757617, 0.119892, 0.0757617, 0.0386473, -0.0485924, -0.0210854, 0.0399337, -0.0194842, 0.048384, -0.0169365, -0.0415947, -0.0316381, -0.00147138, -0.0326668, -0.0476216, -0.00635105, -0.0138646, 0.0480086, 0.170525, 0.356004, 1.27832, 
Plaqavg:
0.838707
m_0++ seq6:
40.0549, 0.95239, -0.953476, -1.15943, -1.09086, -1.08128, -1.036, -1.12383, -1.13522, -1.26752, -1.26919, -1.10408, -1.20533, -1.08309, -1.13379, -1.11329, -1.10538, -1.13703, -1.13025, -1.25796, -1.18565, -1.25796, -1.13025, -1.13703, -1.10538, -1.11329, -1.13379, -1.08309, -1.20533, -1.10408, -1.26919, -1.26752, -1.13522, -1.12383, -1.036, -1.08128, -1.09086, -1.15943, -0.953476, 0.95239, 
m_0-- seq6:
38.1003, 25.5188, 20.4006, 16.5692, 13.6944, 11.5765, 9.81232, 8.29883, 7.0324, 6.0777, 5.51665, 5.24232, 5.1743, 5.09514, 4.82936, 4.45363, 3.92224, 3.24683, 2.65659, 2.32929, 2.31745, 2.32929, 2.65659, 3.24683, 3.92224, 4.45363, 4.82936, 5.09514, 5.1743, 5.24232, 5.51665, 6.0777, 7.0324, 8.29883, 9.81232, 11.5765, 13.6944, 16.5692, 20.4006, 25.5188, 
wilson seq6:
29.4667, 1.2782, 0.437827, 0.156543, 0.08234, -0.00432888, 0.0282075, -0.0065105, -0.0062674, 0.0407969, 0.0372503, 0.0106024, -0.00683677, -0.00178615, 0.0416213, 0.0215423, -0.00437027, -0.0239671, -0.0149063, -0.0628817, 0.0426632, -0.0628817, -0.0149063, -0.0239671, -0.00437027, 0.0215423, 0.0416213, -0.00178615, -0.00683677, 0.0106024, 0.0372503, 0.0407969, -0.0062674, -0.0065105, 0.0282075, -0.00432888, 0.08234, 0.156543, 0.437827, 1.2782, 
Plaqavg:
0.838573
m_0++ seq1:
40.0529, 0.922645, -1.0331, -1.30903, -1.20154, -1.19292, -1.14104, -1.27245, -1.19779, -1.09343, -1.09202, -0.976483, -1.01617, -1.17389, -1.19047, -0.985186, -1.071, -1.16635, -1.16928, -1.1039, -1.12613, -1.1039, -1.16928, -1.16635, -1.071, -0.985186, -1.19047, -1.17389, -1.01617, -0.976483, -1.09202, -1.09343, -1.19779, -1.27245, -1.14104, -1.19292, -1.20154, -1.30903, -1.0331, 0.922645, 
m_0-- seq1:
30.9054, 19.0916, 14.9495, 11.8088, 9.32138, 7.32696, 5.66577, 4.20609, 2.9051, 1.88725, 1.00895, 0.278681, -0.45972, -1.15753, -2.02915, -2.7327, -3.07623, -3.32739, -3.48671, -3.57873, -3.57543, -3.57873, -3.48671, -3.32739, -3.07623, -2.7327, -2.02915, -1.15753, -0.45972, 0.278681, 1.00895, 1.88725, 2.9051, 4.20609, 5.66577, 7.32696, 9.32138, 11.8088, 14.9495, 19.0916, 
wilson seq1:
29.641, 1.26303, 0.343924, 0.148314, 0.10459, 0.0161779, 0.0182813, -0.00176764, -0.0347936, -0.0341858, -0.0261201, -0.0298001, 0.042335, -0.00829645, -0.0106434, -0.0161553, 0.00674896, 0.0355969, -0.0492594, -0.0161443, 0.00147242, -0.0161443, -0.0492594, 0.0355969, 0.00674896, -0.0161553, -0.0106434, -0.00829645, 0.042335, -0.0298001, -0.0261201, -0.0341858, -0.0347936, -0.00176764, 0.0182813, 0.0161779, 0.10459, 0.148314, 0.343924, 1.26303, 
Plaqavg:
0.838768
m_0++ seq2:
40.2903, 1.081, -0.980551, -1.18589, -1.05901, -1.20963, -1.16924, -1.14005, -1.09046, -1.23741, -1.15742, -1.20334, -1.14437, -1.15515, -1.16915, -1.1015, -1.11969, -1.24068, -1.05184, -1.22369, -1.17415, -1.22369, -1.05184, -1.24068, -1.11969, -1.1015, -1.16915, -1.15515, -1.14437, -1.20334, -1.15742, -1.23741, -1.09046, -1.14005, -1.16924, -1.20963, -1.05901, -1.18589, -0.980551, 1.081, 
m_0-- seq2:
34.6322, 21.4269, 15.5216, 10.9031, 7.30124, 4.70568, 2.92177, 1.87959, 1.464, 1.40162, 1.36764, 1.07284, 0.714552, 0.133117, -0.389754, -0.963384, -1.62686, -2.45151, -3.18402, -3.71012, -3.87202, -3.71012, -3.18402, -2.45151, -1.62686, -0.963384, -0.389754, 0.133117, 0.714552, 1.07284, 1.36764, 1.40162, 1.464, 1.87959, 2.92177, 4.70568, 7.30124, 10.9031, 15.5216, 21.4269, 
wilson seq2:
29.5996, 1.22026, 0.272048, 0.00549974, -0.0216354, -0.0281049, -0.0367844, 0.0154013, -0.023363, 0.0777168, 0.0738239, 0.0638664, 0.10452, 0.0120664, -0.00876697, 0.0195505, -0.00301776, 0.0259789, 0.0180557, -0.0458917, 0.0259456, -0.0458917, 0.0180557, 0.0259789, -0.00301776, 0.0195505, -0.00876697, 0.0120664, 0.10452, 0.0638664, 0.0738239, 0.0777168, -0.023363, 0.0154013, -0.0367844, -0.0281049, -0.0216354, 0.00549974, 0.272048, 1.22026, 
Plaqavg:
0.838512
m_0++ seq3:
39.9363, 1.00212, -0.991747, -1.16732, -0.999549, -1.18402, -1.1219, -1.20675, -1.02512, -1.12256, -1.12748, -1.13154, -1.0762, -1.3244, -1.17082, -1.18535, -1.15894, -1.19201, -1.04745, -1.15911, -1.15597, -1.15911, -1.04745, -1.19201, -1.15894, -1.18535, -1.17082, -1.3244, -1.0762, -1.13154, -1.12748, -1.12256, -1.02512, -1.20675, -1.1219, -1.18402, -0.999549, -1.16732, -0.991747, 1.00212, 
m_0-- seq3:
33.5606, 21.3197, 16.2559, 12.1431, 8.67557, 5.69847, 2.86092, 0.369246, -1.62158, -2.94326, -3.47599, -3.38428, -2.90669, -2.11714, -1.15014, 0.0590175, 1.26117, 2.16574, 2.75679, 3.12413, 3.2017, 3.12413, 2.75679, 2.16574, 1.26117, 0.0590175, -1.15014, -2.11714, -2.90669, -3.38428, -3.47599, -2.94326, -1.62158, 0.369246, 2.86092, 5.69847, 8.67557, 12.1431, 16.2559, 21.3197, 
wilson seq3:
29.6566, 1.28758, 0.354979, 0.0957529, 0.0725782, 0.0560306, 0.0162739, 0.0241445, 0.035167, -0.0268905, 0.0156086, -0.0076885, 0.0228003, 0.0439906, 0.100725, 0.0242335, 0.00282618, -0.0179525, 0.00781362, -0.00204375, 0.00942019, -0.00204375, 0.00781362, -0.0179525, 0.00282618, 0.0242335, 0.100725, 0.0439906, 0.0228003, -0.0076885, 0.0156086, -0.0268905, 0.035167, 0.0241445, 0.0162739, 0.0560306, 0.0725782, 0.0957529, 0.354979, 1.28758, 
Plaqavg:
0.838704
m_0++ seq4:
39.9778, 0.897979, -0.939702, -1.10516, -1.22543, -1.08791, -1.07913, -1.21842, -1.15891, -1.17142, -0.925851, -1.24551, -1.12848, -0.974756, -1.02547, -1.16749, -1.09487, -1.19863, -1.32063, -1.24559, -1.14706, -1.24559, -1.32063, -1.19863, -1.09487, -1.16749, -1.02547, -0.974756, -1.12848, -1.24551, -0.925851, -1.17142, -1.15891, -1.21842, -1.07913, -1.08791, -1.22543, -1.10516, -0.939702, 0.897979, 
m_0-- seq4:
32.593, 20.6276, 16.0403, 12.5676, 9.89246, 7.82818, 6.32204, 5.29705, 4.57509, 3.90669, 3.48921, 3.36096, 3.51533, 3.89146, 4.16713, 4.30792, 4.58076, 4.89102, 5.39115, 5.68055, 5.67028, 5.68055, 5.39115, 4.89102, 4.58076, 4.30792, 4.16713, 3.89146, 3.51533, 3.36096, 3.48921, 3.90669, 4.57509, 5.29705, 6.32204, 7.82818, 9.89246, 12.5676, 16.0403, 20.6276, 
wilson seq4:
29.6147, 1.33372, 0.415079, 0.121631, 0.0575433, -0.000339917, -0.00147673, -0.005866, -0.00107823, -0.0601921, -0.0422613, -0.0108846, -0.0319599, 0.0466933, -0.00119471, 0.0434372, 0.00321921, 0.011165, 0.0294234, 0.0396554, -0.0596899, 0.0396554, 0.0294234, 0.011165, 0.00321921, 0.0434372, -0.00119471, 0.0466933, -0.0319599, -0.0108846, -0.0422613, -0.0601921, -0.00107823, -0.005866, -0.00147673, -0.000339917, 0.0575433, 0.121631, 0.415079, 1.33372, 
Plaqavg:
0.838748
m_0++ seq5:
39.8036, 0.927609, -0.845885, -1.0931, -1.20743, -1.11161, -1.22077, -1.14446, -0.85723, -1.08876, -1.19095, -1.10269, -1.1568, -1.04387, -1.14145, -1.15587, -1.18933, -1.3021, -1.27329, -1.14946, -1.10869, -1.14946, -1.27329, -1.3021, -1.18933, -1.15587, -1.14145, -1.04387, -1.1568, -1.10269, -1.19095, -1.08876, -0.85723, -1.14446, -1.22077, -1.11161, -1.20743, -1.0931, -0.845885, 0.927609, 
m_0-- seq5:
27.7831, 15.7645, 11.2171, 8.09373, 5.61318, 3.74733, 2.34849, 1.4338, 0.923989, 0.633608, 0.568757, 0.418862, 0.234726, -0.0375383, -0.386645, -0.788141, -1.24729, -1.4311, -1.55976, -1.48519, -1.35233, -1.48519, -1.55976, -1.4311, -1.24729, -0.788141, -0.386645, -0.0375383, 0.234726, 0.418862, 0.568757, 0.633608, 0.923989, 1.4338, 2.34849, 3.74733, 5.61318, 8.09373, 11.2171, 15.7645, 
wilson seq5:
29.7115, 1.34579, 0.390097, 0.12176, 0.104835, 0.0489674, 0.0284993, 0.00349063, -0.0268296, -0.0214744, -0.0175618, -0.0328695, -0.0127183, -0.0030181, -0.0247111, 0.023444, -0.0107583, 0.0163082, -0.0429819, -0.0299741, 0.0499064, -0.0299741, -0.0429819, 0.0163082, -0.0107583, 0.023444, -0.0247111, -0.0030181, -0.0127183, -0.0328695, -0.0175618, -0.0214744, -0.0268296, 0.00349063, 0.0284993, 0.0489674, 0.104835, 0.12176, 0.390097, 1.34579, 
Plaqavg:
0.83868
m_0++ seq6:
39.9775, 0.934761, -0.725943, -0.986102, -1.15502, -1.15558, -1.16227, -1.17622, -1.19812, -1.1136, -1.13833, -1.28877, -1.29217, -1.26251, -1.15413, -1.1043, -1.07178, -1.23978, -1.12579, -0.935242, -1.2757, -0.935242, -1.12579, -1.23978, -1.07178, -1.1043, -1.15413, -1.26251, -1.29217, -1.28877, -1.13833, -1.1136, -1.19812, -1.17622, -1.16227, -1.15558, -1.15502, -0.986102, -0.725943, 0.934761, 
m_0-- seq6:
33.7059, 21.5903, 16.7559, 12.6801, 9.3479, 6.47034, 4.21604, 2.22277, 0.612071, -0.710788, -1.85944, -2.7358, -3.36749, -4.00293, -4.31904, -4.53738, -4.35109, -4.06473, -3.49133, -2.92827, -2.78396, -2.92827, -3.49133, -4.06473, -4.35109, -4.53738, -4.31904, -4.00293, -3.36749, -2.7358, -1.85944, -0.710788, 0.612071, 2.22277, 4.21604, 6.47034, 9.3479, 12.6801, 16.7559, 21.5903, 
wilson seq6:
29.6487, 1.34753, 0.383306, 0.162331, 0.127786, 0.0755206, 0.000927098, 0.00029384, 0.00180329, 0.0503002, 0.0512596, -0.0353034, -0.0224939, -0.0652757, -0.0276446, -0.0035081, -0.00893782, -0.063348, -0.000472019, 0.0173471, -0.000790995, 0.0173471, -0.000472019, -0.063348, -0.00893782, -0.0035081, -0.0276446, -0.0652757, -0.0224939, -0.0353034, 0.0512596, 0.0503002, 0.00180329, 0.00029384, 0.000927098, 0.0755206, 0.127786, 0.162331, 0.383306, 1.34753, 
Plaqavg:
0.838746
m_0++ seq1:
39.996, 0.96441, -0.837114, -1.12129, -1.16653, -1.16544, -1.27067, -1.13932, -1.2088, -1.17528, -1.10139, -1.12946, -1.13954, -0.984685, -1.11218, -1.18508, -1.08243, -1.18062, -1.25784, -1.15689, -1.09573, -1.15689, -1.25784, -1.18062, -1.08243, -1.18508, -1.11218, -0.984685, -1.13954, -1.12946, -1.10139, -1.17528, -1.2088, -1.13932, -1.27067, -1.16544, -1.16653, -1.12129, -0.837114, 0.96441, 
m_0-- seq1:
38.4125, 26.0868, 21.0601, 16.8457, 13.0105, 9.52429, 6.64792, 4.55265, 2.79845, 1.59281, 0.711345, 0.346367, 0.0274313, -0.215339, -0.736715, -1.2695, -1.80774, -2.51489, -3.15834, -3.48895, -3.59736, -3.48895, -3.15834, -2.51489, -1.80774, -1.2695, -0.736715, -0.215339, 0.0274313, 0.346367, 0.711345, 1.59281, 2.79845, 4.55265, 6.64792, 9.52429, 13.0105, 16.8457, 21.0601, 26.0868, 
wilson seq1:
29.5659, 1.32297, 0.38194, 0.0943052, 0.0580295, 0.0129103, -0.0176268, -0.0486003, -0.0329462, 0.0870854, 0.0604255, 0.0124293, 0.0357013, 0.00948173, -0.016238, -0.0545618, -0.011689, 0.0125802, 0.010154, 0.0703122, -0.0197045, 0.0703122, 0.010154, 0.0125802, -0.011689, -0.0545618, -0.016238, 0.00948173, 0.0357013, 0.0124293, 0.0604255, 0.0870854, -0.0329462, -0.0486003, -0.0176268, 0.0129103, 0.0580295, 0.0943052, 0.38194, 1.32297, 
Plaqavg:
0.838657
m_0++ seq2:
39.7015, 0.733494, -0.906168, -1.23603, -1.17368, -1.11598, -1.12641, -1.27326, -1.13747, -1.01678, -1.1746, -1.28884, -1.05703, -1.01874, -0.976787, -1.1557, -1.12451, -1.1115, -0.943832, -1.12995, -1.23397, -1.12995, -0.943832, -1.1115, -1.12451, -1.1557, -0.976787, -1.01874, -1.05703, -1.28884, -1.1746, -1.01678, -1.13747, -1.27326, -1.12641, -1.11598, -1.17368, -1.23603, -0.906168, 0.733494, 
m_0-- seq2:
28.1693, 16.7506, 12.5641, 9.24966, 6.70413, 4.92412, 3.73679, 2.9081, 2.24042, 1.83195, 1.48384, 1.08885, 0.619027, 0.0214044, -0.546523, -1.04873, -1.38236, -1.50445, -1.49736, -1.33524, -1.255, -1.33524, -1.49736, -1.50445, -1.38236, -1.04873, -0.546523, 0.0214044, 0.619027, 1.08885, 1.48384, 1.83195, 2.24042, 2.9081, 3.73679, 4.92412, 6.70413, 9.24966, 12.5641, 16.7506, 
wilson seq2:
29.6365, 1.35851, 0.3641, 0.151909, 0.0924669, -0.00061777, 0.00979063, -0.0137483, 0.0554554, 0.0333987, -0.0198511, 0.0373729, -0.0357354, -0.0248374, -0.00763478, 0.0591469, -0.024005, -0.00821491, -0.0310979, -0.0380388, 0.0650126, -0.0380388, -0.0310979, -0.00821491, -0.024005, 0.0591469, -0.00763478, -0.0248374, -0.0357354, 0.0373729, -0.0198511, 0.0333987, 0.0554554, -0.0137483, 0.00979063, -0.00061777, 0.0924669, 0.151909, 0.3641, 1.35851, 
Plaqavg:
0.838818
m_0++ seq3:
40.016, 0.96552, -0.946605, -1.05405, -1.20743, -1.35227, -1.28319, -1.11196, -1.28786, -1.44097, -1.106, -1.03125, -1.03354, -1.13362, -0.954357, -1.06183, -1.02392, -1.12818, -1.16551, -1.0523, -1.19734, -1.0523, -1.16551, -1.12818, -1.02392, -1.06183, -0.954357, -1.13362, -1.03354, -1.03125, -1.106, -1.44097, -1.28786, -1.11196, -1.28319, -1.35227, -1.20743, -1.05405, -0.946605, 0.96552, 
m_0-- seq3:
42.3577, 30.3786, 25.7237, 22.1522, 19.4688, 17.4011, 15.8933, 14.6817, 13.9567, 13.6947, 13.629, 13.5253, 13.2901, 13.0079, 12.6416, 12.1274, 11.6085, 11.2502, 10.9857, 10.9062, 10.7579, 10.9062, 10.9857, 11.2502, 11.6085, 12.1274, 12.6416, 13.0079, 13.2901, 13.5253, 13.629, 13.6947, 13.9567, 14.6817, 15.8933, 17.4011, 19.4688, 22.1522, 25.7237, 30.3786, 
wilson seq3:
29.4905, 1.23363, 0.234757, 0.102144, 0.0595375, -0.0446246, 0.0183038, -0.0317772, 0.0473423, -0.00657827, 0.0691661, -0.0974623, -0.0496419, 0.0212147, -0.00357533, 0.073121, 0.00207391, -0.044158, -0.0218267, 0.0260445, 0.0668127, 0.0260445, -0.0218267, -0.044158, 0.00207391, 0.073121, -0.00357533, 0.0212147, -0.0496419, -0.0974623, 0.0691661, -0.00657827, 0.0473423, -0.0317772, 0.0183038, -0.0446246, 0.0595375, 0.102144, 0.234757, 1.23363, 
Plaqavg:
0.838662
m_0++ seq4:
39.9728, 0.956703, -0.814224, -1.13144, -1.22569, -1.09009, -1.24319, -1.08471, -0.907331, -1.00226, -1.20613, -1.35175, -1.16372, -1.20882, -1.10313, -1.09774, -1.15515, -1.09094, -1.18205, -1.26258, -1.24431, -1.26258, -1.18205, -1.09094, -1.15515, -1.09774, -1.10313, -1.20882, -1.16372, -1.35175, -1.20613, -1.00226, -0.907331, -1.08471, -1.24319, -1.09009, -1.22569, -1.13144, -0.814224, 0.956703, 
m_0-- seq4:
33.5592, 20.7629, 15.1853, 10.8893, 7.6012, 5.38236, 4.26105, 3.79638, 3.85156, 4.01887, 4.13566, 4.10122, 4.10858, 3.95458, 4.13874, 4.37969, 4.3509, 4.29222, 4.10381, 4.04186, 4.04446, 4.04186, 4.10381, 4.29222, 4.3509, 4.37969, 4.13874, 3.95458, 4.10858, 4.10122, 4.13566, 4.01887, 3.85156, 3.79638, 4.26105, 5.38236, 7.6012, 10.8893, 15.1853, 20.7629, 
wilson seq4:
29.5134, 1.27387, 0.353406, 0.148207, 0.00431582, 0.0222744, 0.0698653, 0.0135488, -0.0379334, 0.0277982, -0.00156748, -0.00893722, -0.0387607, -0.00993504, -0.0618098, -0.062056, -0.0342509, 0.0489426, 0.0115633, 0.0452771, 0.00810534, 0.0452771, 0.0115633, 0.0489426, -0.0342509, -0.062056, -0.0618098, -0.00993504, -0.0387607, -0.00893722, -0.00156748, 0.0277982, -0.0379334, 0.0135488, 0.0698653, 0.0222744, 0.00431582, 0.148207, 0.353406, 1.27387, 
Plaqavg:
0.838561
m_0++ seq5:
39.9414, 1.11905, -0.881556, -1.18257, -1.10633, -1.19005, -1.10028, -1.17839, -1.09356, -1.25275, -1.07628, -1.23339, -1.23538, -1.08927, -1.16544, -1.21415, -1.24776, -1.13, -1.13328, -1.15799, -0.842676, -1.15799, -1.13328, -1.13, -1.24776, -1.21415, -1.16544, -1.08927, -1.23538, -1.23339, -1.07628, -1.25275, -1.09356, -1.17839, -1.10028, -1.19005, -1.10633, -1.18257, -0.881556, 1.11905, 
m_0-- seq5:
29.7229, 17.7169, 13.1943, 9.5846, 6.56761, 4.10469, 2.34836, 1.19284, 0.364188, -0.0127833, -0.0515702, 0.194041, 0.402007, 0.747776, 1.21689, 1.65655, 1.88994, 2.09179, 2.18125, 2.25955, 2.23477, 2.25955, 2.18125, 2.09179, 1.88994, 1.65655, 1.21689, 0.747776, 0.402007, 0.194041, -0.0515702, -0.0127833, 0.364188, 1.19284, 2.34836, 4.10469, 6.56761, 9.5846, 13.1943, 17.7169, 
wilson seq5:
29.6079, 1.28118, 0.257704, 0.064703, 0.0744615, 0.0658333, 0.0191152, 0.0171138, 0.0271653, -0.000432658, -0.0105502, -0.0264996, 0.0228575, 0.0401526, -0.0305127, 0.0791798, 0.0144023, -0.061453, -0.00817717, -0.0228189, -0.0770839, -0.0228189, -0.00817717, -0.061453, 0.0144023, 0.0791798, -0.0305127, 0.0401526, 0.0228575, -0.0264996, -0.0105502, -0.000432658, 0.0271653, 0.0171138, 0.0191152, 0.0658333, 0.0744615, 0.064703, 0.257704, 1.28118, 
Plaqavg:
0.838677
m_0++ seq6:
40.0305, 1.01488, -0.751509, -1.04094, -1.12536, -1.08988, -1.1706, -1.12269, -1.25354, -1.21678, -1.212, -1.13968, -1.20762, -1.1466, -1.16694, -1.0548, -1.21631, -1.12326, -1.18702, -1.20698, -1.19524, -1.20698, -1.18702, -1.12326, -1.21631, -1.0548, -1.16694, -1.1466, -1.20762, -1.13968, -1.212, -1.21678, -1.25354, -1.12269, -1.1706, -1.08988, -1.12536, -1.04094, -0.751509, 1.01488, 
m_0-- seq6:
31.1693, 18.9745, 13.9442, 10.0763, 7.18901, 5.12528, 3.68792, 2.80998, 2.31288, 2.20438, 2.21082, 2.32079, 2.45576, 2.54625, 2.66012, 2.65353, 2.53148, 2.45588, 2.13681, 1.81112, 1.74771, 1.81112, 2.13681, 2.45588, 2.53148, 2.65353, 2.66012, 2.54625, 2.45576, 2.32079, 2.21082, 2.20438, 2.31288, 2.80998, 3.68792, 5.12528, 7.18901, 10.0763, 13.9442, 18.9745, 
wilson seq6:
29.5354, 1.33089, 0.412528, 0.164179, 0.0976793, 0.0986206, 0.00604224, -0.0336424, -0.0365504, 0.00619547, 0.00792206, -0.0167687, -0.0156846, 0.0705259, 0.0648392, 0.0332141, 0.00781497, 0.0243639, 0.0776993, -0.0326312, 0.0707167, -0.0326312, 0.0776993, 0.0243639, 0.00781497, 0.0332141, 0.0648392, 0.0705259, -0.0156846, -0.0167687, 0.00792206, 0.00619547, -0.0365504, -0.0336424, 0.00604224, 0.0986206, 0.0976793, 0.164179, 0.412528, 1.33089, 
Plaqavg:
0.838701
m_0++ seq0:
39.8547, 0.918105, -0.862774, -1.12532, -1.09727, -1.22919, -1.0324, -1.07414, -1.23959, -1.23735, -1.12333, -1.15316, -1.15491, -1.09437, -1.05183, -1.04611, -1.11297, -1.23339, -1.09912, -1.2235, -1.30949, -1.2235, -1.09912, -1.23339, -1.11297, -1.04611, -1.05183, -1.09437, -1.15491, -1.15316, -1.12333, -1.23735, -1.23959, -1.07414, -1.0324, -1.22919, -1.09727, -1.12532, -0.862774, 0.918105, 
m_0-- seq0:
39.4857, 27.7871, 23.2648, 19.3395, 15.7634, 12.4287, 9.26928, 6.47314, 3.93347, 1.58148, -0.715011, -2.77999, -4.73605, -6.28387, -7.6428, -8.71785, -9.65375, -10.4033, -10.8742, -11.1895, -11.3458, -11.1895, -10.8742, -10.4033, -9.65375, -8.71785, -7.6428, -6.28387, -4.73605, -2.77999, -0.715011, 1.58148, 3.93347, 6.47314, 9.26928, 12.4287, 15.7634, 19.3395, 23.2648, 27.7871, 
wilson seq0:
29.4784, 1.28387, 0.349013, 0.149933, 0.125048, 0.0118338, -0.0210052, -0.00356401, 0.0403195, 0.00412405, -0.0911413, 0.0183897, -0.0307495, -0.0349372, 0.0391799, 0.0209072, 0.0439222, -0.0245836, 0.107408, 0.0651886, 0.0699362, 0.0651886, 0.107408, -0.0245836, 0.0439222, 0.0209072, 0.0391799, -0.0349372, -0.0307495, 0.0183897, -0.0911413, 0.00412405, 0.0403195, -0.00356401, -0.0210052, 0.0118338, 0.125048, 0.149933, 0.349013, 1.28387, 
Plaqavg:
0.838764
m_0++ seq1:
39.8922, 0.972755, -0.915401, -0.988438, -1.14685, -1.14009, -1.01171, -1.10461, -1.27003, -1.32678, -1.15211, -1.20272, -1.09918, -0.983104, -1.14688, -1.22272, -1.02265, -1.19085, -1.20688, -1.22251, -1.13063, -1.22251, -1.20688, -1.19085, -1.02265, -1.22272, -1.14688, -0.983104, -1.09918, -1.20272, -1.15211, -1.32678, -1.27003, -1.10461, -1.01171, -1.14009, -1.14685, -0.988438, -0.915401, 0.972755, 
m_0-- seq1:
29.2062, 17.9204, 14.2334, 11.6093, 9.78342, 8.52644, 7.44146, 6.5855, 5.86515, 5.12972, 4.34556, 3.80504, 3.30596, 2.78659, 2.19629, 1.68323, 1.19603, 0.689225, 0.376306, 0.194755, 0.0970128, 0.194755, 0.376306, 0.689225, 1.19603, 1.68323, 2.19629, 2.78659, 3.30596, 3.80504, 4.34556, 5.12972, 5.86515, 6.5855, 7.44146, 8.52644, 9.78342, 11.6093, 14.2334, 17.9204, 
wilson seq1:
29.5388, 1.31776, 0.430355, 0.129791, 0.11915, 0.0262533, -0.043278, 0.00769265, 0.0417924, -0.00995947, 0.0222595, 0.0724191, 0.0309612, 0.0407758, 0.0119852, -0.01856, 0.0749663, 0.0595882, 0.0274228, -0.0167587, 0.0352399, -0.0167587, 0.0274228, 0.0595882, 0.0749663, -0.01856, 0.0119852, 0.0407758, 0.0309612, 0.0724191, 0.0222595, -0.00995947, 0.0417924, 0.00769265, -0.043278, 0.0262533, 0.11915, 0.129791, 0.430355, 1.31776, 
Plaqavg:
0.838872
m_0++ seq2:
40.1793, 0.920403, -1.04787, -1.20209, -1.12931, -1.21344, -1.21475, -1.12415, -1.10482, -1.23891, -1.10306, -1.16183, -1.11542, -1.26623, -1.21984, -1.08116, -1.05219, -0.947853, -1.06054, -1.15424, -1.14469, -1.15424, -1.06054, -0.947853, -1.05219, -1.08116, -1.21984, -1.26623, -1.11542, -1.16183, -1.10306, -1.23891, -1.10482, -1.12415, -1.21475, -1.21344, -1.12931, -1.20209, -1.04787, 0.920403, 
m_0-- seq2:
38.2936, 25.189, 19.0715, 14.0441, 9.96507, 6.85784, 4.30772, 2.3678, 0.955208, -0.113703, -0.651426, -1.11703, -1.03274, -0.443947, 0.41015, 1.40878, 2.54879, 3.51541, 4.17335, 4.80605, 5.14577, 4.80605, 4.17335, 3.51541, 2.54879, 1.40878, 0.41015, -0.443947, -1.03274, -1.11703, -0.651426, -0.113703, 0.955208, 2.3678, 4.30772, 6.85784, 9.96507, 14.0441, 19.0715, 25.189, 
wilson seq2:
29.5489, 1.19448, 0.365527, 0.198805, 0.091022, 0.00829308, -0.0120388, -0.0182061, -0.0779662, 0.0494327, -0.00655788, 0.0247259, -0.0189664, 0.0225407, -0.0254956, 0.0215098, 0.0117399, -0.0449444, -0.0287464, 0.00558181, 0.010424, 0.00558181, -0.0287464, -0.0449444, 0.0117399, 0.0215098, -0.0254956, 0.0225407, -0.0189664, 0.0247259, -0.00655788, 0.0494327, -0.0779662, -0.0182061, -0.0120388, 0.00829308, 0.091022, 0.198805, 0.365527, 1.19448, 
Plaqavg:
0.838543
m_0++ seq3:
40.1184, 0.792295, -0.806543, -1.05937, -1.08877, -1.12314, -1.14437, -1.08305, -1.26132, -1.1394, -1.08996, -1.09569, -1.24415, -1.24549, -1.2065, -1.13004, -1.22917, -1.12888, -1.10113, -1.09557, -1.1579, -1.09557, -1.10113, -1.12888, -1.22917, -1.13004, -1.2065, -1.24549, -1.24415, -1.09569, -1.08996, -1.1394, -1.26132, -1.08305, -1.14437, -1.12314, -1.08877, -1.05937, -0.806543, 0.792295, 
m_0-- seq3:
43.8088, 31.5813, 26.4482, 22.496, 19.3301, 16.5993, 14.315, 12.5958, 11.366, 10.4317, 9.73022, 9.0344, 8.28615, 7.57591, 6.90326, 6.42197, 5.98148, 5.64379, 5.40676, 5.10599, 5.0847, 5.10599, 5.40676, 5.64379, 5.98148, 6.42197, 6.90326, 7.57591, 8.28615, 9.0344, 9.73022, 10.4317, 11.366, 12.5958, 14.315, 16.5993, 19.3301, 22.496, 26.4482, 31.5813, 
wilson seq3:
29.5824, 1.29606, 0.315756, 0.135738, -0.0258715, 0.0371688, 0.0775958, 0.00387687, 0.0148584, 0.0202493, 0.0713076, 0.0429832, 0.0595922, 0.0367385, -0.0212986, 0.0189882, -0.0339181, 0.0164548, 0.0145544, 0.00172292, -0.0166767, 0.00172292, 0.0145544, 0.0164548, -0.0339181, 0.0189882, -0.0212986, 0.0367385, 0.0595922, 0.0429832, 0.0713076, 0.0202493, 0.0148584, 0.00387687, 0.0775958, 0.0371688, -0.0258715, 0.135738, 0.315756, 1.29606, 
Plaqavg:
0.838704
m_0++ seq4:
40.0409, 0.944923, -0.754456, -1.054, -1.10202, -1.223, -1.26651, -1.07817, -1.16759, -1.09325, -1.15305, -1.12534, -1.30034, -1.03942, -1.11519, -1.13044, -1.26973, -1.28187, -1.17647, -1.13368, -1.00169, -1.13368, -1.17647, -1.28187, -1.26973, -1.13044, -1.11519, -1.03942, -1.30034, -1.12534, -1.15305, -1.09325, -1.16759, -1.07817, -1.26651, -1.223, -1.10202, -1.054, -0.754456, 0.944923, 
m_0-- seq4:
28.5153, 16.9574, 12.7416, 9.53364, 6.90911, 4.68484, 3.00248, 1.69514, 0.575165, -0.127036, -0.451244, -0.39405, -0.317132, -0.233369, -0.0127382, 0.163447, 0.439861, 0.682078, 0.871107, 0.939572, 0.974939, 0.939572, 0.871107, 0.682078, 0.439861, 0.163447, -0.0127382, -0.233369, -0.317132, -0.39405, -0.451244, -0.127036, 0.575165, 1.69514, 3.00248, 4.68484, 6.90911, 9.53364, 12.7416, 16.9574, 
wilson seq4:
29.5995, 1.32744, 0.358303, 0.143752, 0.0680339, 0.0680078, 0.048028, 0.0441148, 0.0394086, -0.0142104, 0.00181713, 0.0167152, 0.0194244, -0.0376559, 0.0820394, -0.0117692, -0.0798524, 0.00993647, -0.0174904, 0.0288454, 0.0432285, 0.0288454, -0.0174904, 0.00993647, -0.0798524, -0.0117692, 0.0820394, -0.0376559, 0.0194244, 0.0167152, 0.00181713, -0.0142104, 0.0394086, 0.0441148, 0.048028, 0.0680078, 0.0680339, 0.143752, 0.358303, 1.32744, 
Plaqavg:
0.83881
m_0++ seq5:
39.9899, 1.00252, -0.969669, -1.03683, -0.95781, -1.16234, -1.20311, -1.13287, -1.11268, -1.04236, -1.08559, -1.02368, -1.1989, -1.29513, -1.12244, -1.2061, -1.13165, -1.16116, -1.15764, -1.3047, -1.38561, -1.3047, -1.15764, -1.16116, -1.13165, -1.2061, -1.12244, -1.29513, -1.1989, -1.02368, -1.08559, -1.04236, -1.11268, -1.13287, -1.20311, -1.16234, -0.95781, -1.03683, -0.969669, 1.00252, 
m_0-- seq5:
36.0364, 24.0488, 19.3956, 15.7214, 12.5415, 9.95838, 7.81646, 6.35427, 4.93795, 3.72069, 2.78348, 1.92286, 1.23693, 0.555474, 0.108246, -0.153243, -0.191799, 0.0230592, 0.208828, 0.39466, 0.479426, 0.39466, 0.208828, 0.0230592, -0.191799, -0.153243, 0.108246, 0.555474, 1.23693, 1.92286, 2.78348, 3.72069, 4.93795, 6.35427, 7.81646, 9.95838, 12.5415, 15.7214, 19.3956, 24.0488, 
wilson seq5:
29.5778, 1.1742, 0.275934, 0.0931244, 0.0873997, 0.00577161, 0.0841489, -0.0519874, -0.0150969, -0.0005027, 0.00602055, 0.0123763, 0.0932986, 0.0244437, 0.00964012, 0.0622351, 0.0641433, -0.0370407, 0.0723429, 0.0146153, 0.0397441, 0.0146153, 0.0723429, -0.0370407, 0.0641433, 0.0622351, 0.00964012, 0.0244437, 0.0932986, 0.0123763, 0.00602055, -0.0005027, -0.0150969, -0.0519874, 0.0841489, 0.00577161, 0.0873997, 0.0931244, 0.275934, 1.1742, 
Plaqavg:
0.838696