Equilibriated:674
m_0++ seq1:
35.7323, 1.53726, -0.623141, -1.00805, -1.10515, -1.25258, -1.27001, -1.21545, -1.32281, -1.20458, -1.16046, -1.26535, -1.24441, -1.27858, -1.24812, -1.15275, -1.13462, -1.39661, -1.0415, -1.39661, -1.13462, -1.15275, -1.24812, -1.27858, -1.24441, -1.26535, -1.16046, -1.20458, -1.32281, -1.21545, -1.27001, -1.25258, -1.10515, -1.00805, -0.623141, 1.53726, 
m_0-- seq1:
46.519, 24.9136, 15.758, 10.1209, 6.42516, 3.77688, 1.75787, 0.916933, 0.582059, 0.582526, 0.78916, 0.911104, 0.788705, 0.717101, 1.20393, 1.70178, 1.84421, 1.75052, 1.67434, 1.75052, 1.84421, 1.70178, 1.20393, 0.717101, 0.788705, 0.911104, 0.78916, 0.582526, 0.582059, 0.916933, 1.75787, 3.77688, 6.42516, 10.1209, 15.758, 24.9136, 
wilson seq1:
23.0727, 0.907162, 0.178039, 0.0408557, 0.037316, -0.00373331, -0.0171995, 0.00173434, -0.0105356, -0.0219226, -0.0093297, 0.00313554, 0.0165441, 0.0365047, -0.00233366, -0.0791362, 0.0267436, -0.03342, 0.0416787, -0.03342, 0.0267436, -0.0791362, -0.00233366, 0.0365047, 0.0165441, 0.00313554, -0.0093297, -0.0219226, -0.0105356, 0.00173434, -0.0171995, -0.00373331, 0.037316, 0.0408557, 0.178039, 0.907162, 
Plaqavg:
0.806131
m_0++ seq2:
35.8187, 1.3129, -0.955293, -0.996176, -1.20089, -1.21681, -1.23973, -1.24405, -1.11516, -1.21348, -1.07296, -1.14344, -1.26335, -1.09217, -1.14242, -1.10164, -1.24113, -1.31175, -1.34363, -1.31175, -1.24113, -1.10164, -1.14242, -1.09217, -1.26335, -1.14344, -1.07296, -1.21348, -1.11516, -1.24405, -1.23973, -1.21681, -1.20089, -0.996176, -0.955293, 1.3129, 
m_0-- seq2:
48.2162, 26.1733, 16.3681, 10.2571, 6.46545, 4.10639, 2.74184, 1.74109, 0.973882, 0.186638, -0.343572, -0.471908, -0.430828, -0.6444, -1.09003, -1.98913, -3.08554, -3.76342, -3.84393, -3.76342, -3.08554, -1.98913, -1.09003, -0.6444, -0.430828, -0.471908, -0.343572, 0.186638, 0.973882, 1.74109, 2.74184, 4.10639, 6.46545, 10.2571, 16.3681, 26.1733, 
wilson seq2:
23.1111, 0.89034, 0.198415, 0.0765639, 0.0522346, 0.0235536, -0.00556705, -0.0504791, -0.0127071, -0.0139863, -0.0122388, 0.00734447, -0.0170568, 0.0411867, 0.0296306, -0.00299405, -0.0435665, -0.034754, -0.000752284, -0.034754, -0.0435665, -0.00299405, 0.0296306, 0.0411867, -0.0170568, 0.00734447, -0.0122388, -0.0139863, -0.0127071, -0.0504791, -0.00556705, 0.0235536, 0.0522346, 0.0765639, 0.198415, 0.89034, 
Plaqavg:
0.806052
m_0++ seq3:
35.741, 1.33578, -0.878593, -1.07146, -1.1416, -1.10631, -1.26018, -1.14011, -1.31037, -1.17774, -1.02515, -1.17802, -1.10408, -1.25972, -1.23394, -1.34357, -1.17765, -1.24757, -1.10046, -1.24757, -1.17765, -1.34357, -1.23394, -1.25972, -1.10408, -1.17802, -1.02515, -1.17774, -1.31037, -1.14011, -1.26018, -1.10631, -1.1416, -1.07146, -0.878593, 1.33578, 
m_0-- seq3:
46.2871, 24.8351, 15.1483, 8.97139, 4.83598, 2.08334, 0.0897342, -1.05881, -1.83611, -2.07959, -2.31625, -2.43732, -2.67636, -2.478, -1.66203, -0.273526, 0.535111, 0.984114, 0.986924, 0.984114, 0.535111, -0.273526, -1.66203, -2.478, -2.67636, -2.43732, -2.31625, -2.07959, -1.83611, -1.05881, 0.0897342, 2.08334, 4.83598, 8.97139, 15.1483, 24.8351, 
wilson seq3:
23.1296, 0.905346, 0.163247, 0.0466896, 0.0301691, 0.0363942, 0.00299189, -0.031272, 0.0287097, -0.0128228, -0.0403462, 0.00284564, 0.0190548, 0.0618765, 0.0349173, 0.0218084, -0.00565339, -0.0556843, 0.00768648, -0.0556843, -0.00565339, 0.0218084, 0.0349173, 0.0618765, 0.0190548, 0.00284564, -0.0403462, -0.0128228, 0.0287097, -0.031272, 0.00299189, 0.0363942, 0.0301691, 0.0466896, 0.163247, 0.905346, 
Plaqavg:
0.805981
m_0++ seq4:
35.7411, 1.36883, -0.857408, -1.27614, -1.15754, -1.21801, -1.15018, -1.00586, -1.25575, -1.16, -1.1524, -1.22505, -1.24938, -1.22055, -1.08016, -1.14862, -1.29414, -1.14438, -1.28757, -1.14438, -1.29414, -1.14862, -1.08016, -1.22055, -1.24938, -1.22505, -1.1524, -1.16, -1.25575, -1.00586, -1.15018, -1.21801, -1.15754, -1.27614, -0.857408, 1.36883, 
m_0-- seq4:
46.1192, 24.4828, 14.8821, 9.00677, 5.32263, 2.95325, 1.48442, 0.660609, 0.341991, -0.167403, -0.641533, -0.86702, -0.869388, -0.66838, -0.57285, -0.276473, -0.0211207, -0.304281, -0.404195, -0.304281, -0.0211207, -0.276473, -0.57285, -0.66838, -0.869388, -0.86702, -0.641533, -0.167403, 0.341991, 0.660609, 1.48442, 2.95325, 5.32263, 9.00677, 14.8821, 24.4828, 
wilson seq4:
23.141, 0.986097, 0.171398, 0.055745, 0.0203538, 0.0826469, -0.0224172, 0.0516122, 0.0880369, 0.0234676, 0.0918316, 0.00750679, 0.0269293, 0.00876792, 0.0388054, 0.0682569, -0.0011576, -0.0299746, -0.0320941, -0.0299746, -0.0011576, 0.0682569, 0.0388054, 0.00876792, 0.0269293, 0.00750679, 0.0918316, 0.0234676, 0.0880369, 0.0516122, -0.0224172, 0.0826469, 0.0203538, 0.055745, 0.171398, 0.986097, 
Plaqavg:
0.805957
m_0++ seq5:
36.0557, 1.456, -0.875713, -1.15832, -1.13468, -1.24554, -1.15859, -1.17519, -1.21683, -1.2309, -1.09323, -1.22986, -1.16102, -1.28952, -1.08097, -1.22107, -1.26045, -1.28047, -1.34296, -1.28047, -1.26045, -1.22107, -1.08097, -1.28952, -1.16102, -1.22986, -1.09323, -1.2309, -1.21683, -1.17519, -1.15859, -1.24554, -1.13468, -1.15832, -0.875713, 1.456, 
m_0-- seq5:
46.7064, 24.6367, 15.1821, 9.51678, 6.29524, 4.31697, 3.33471, 2.30892, 1.22972, 0.593433, 0.770657, 1.00196, 1.1831, 1.54755, 2.13428, 2.96217, 3.5359, 4.21122, 4.3792, 4.21122, 3.5359, 2.96217, 2.13428, 1.54755, 1.1831, 1.00196, 0.770657, 0.593433, 1.22972, 2.30892, 3.33471, 4.31697, 6.29524, 9.51678, 15.1821, 24.6367, 
wilson seq5:
23.1245, 0.888404, 0.133537, -0.00374827, 0.0249082, 0.00912294, 0.0504245, 0.0149212, 0.0243112, 0.0287356, 0.0113725, -0.0196772, -0.0185715, 0.0073627, -0.0652768, -0.0201679, -0.0119435, 0.0510054, 0.0455132, 0.0510054, -0.0119435, -0.0201679, -0.0652768, 0.0073627, -0.0185715, -0.0196772, 0.0113725, 0.0287356, 0.0243112, 0.0149212, 0.0504245, 0.00912294, 0.0249082, -0.00374827, 0.133537, 0.888404, 
Plaqavg:
0.805828
m_0++ seq6:
35.5526, 1.39726, -0.84028, -1.0745, -1.27071, -1.32189, -1.15878, -1.11144, -1.27739, -1.15975, -0.978502, -1.2271, -1.11861, -1.18322, -1.33548, -1.10024, -1.1271, -1.26853, -1.24011, -1.26853, -1.1271, -1.10024, -1.33548, -1.18322, -1.11861, -1.2271, -0.978502, -1.15975, -1.27739, -1.11144, -1.15878, -1.32189, -1.27071, -1.0745, -0.84028, 1.39726, 
m_0-- seq6:
47.1939, 25.4989, 15.2939, 8.66428, 4.70296, 2.49538, 1.42268, 0.869739, 0.677453, 0.802349, 0.541685, -0.160202, -0.423664, -0.451173, 0.246408, 1.44811, 2.51509, 3.04874, 3.25657, 3.04874, 2.51509, 1.44811, 0.246408, -0.451173, -0.423664, -0.160202, 0.541685, 0.802349, 0.677453, 0.869739, 1.42268, 2.49538, 4.70296, 8.66428, 15.2939, 25.4989, 
wilson seq6:
23.2229, 0.840567, 0.158999, 0.0201481, -0.0566624, -0.00618612, 0.064368, -0.00668011, -0.0192628, -0.0162369, 0.0205298, 0.00458465, 0.0416234, -0.00832751, 0.0157502, 0.0644855, 0.00952643, -0.0410265, -0.000240409, -0.0410265, 0.00952643, 0.0644855, 0.0157502, -0.00832751, 0.0416234, 0.00458465, 0.0205298, -0.0162369, -0.0192628, -0.00668011, 0.064368, -0.00618612, -0.0566624, 0.0201481, 0.158999, 0.840567, 
Plaqavg:
0.806095
m_0++ seq1:
35.9156, 1.43654, -0.943035, -1.30844, -1.14278, -1.04437, -1.0711, -1.00665, -1.1399, -1.19486, -1.12857, -1.14236, -1.21719, -1.24067, -1.2791, -1.26203, -1.33643, -1.28037, -1.31296, -1.28037, -1.33643, -1.26203, -1.2791, -1.24067, -1.21719, -1.14236, -1.12857, -1.19486, -1.1399, -1.00665, -1.0711, -1.04437, -1.14278, -1.30844, -0.943035, 1.43654, 
m_0-- seq1:
45.7756, 23.7666, 14.0196, 7.57379, 3.79142, 1.65478, 0.547766, 0.178496, 0.412613, 1.22708, 1.68031, 1.53831, 1.30879, 0.912067, -0.122398, -1.00736, -1.54584, -1.85559, -1.80969, -1.85559, -1.54584, -1.00736, -0.122398, 0.912067, 1.30879, 1.53831, 1.68031, 1.22708, 0.412613, 0.178496, 0.547766, 1.65478, 3.79142, 7.57379, 14.0196, 23.7666, 
wilson seq1:
23.1572, 0.911238, 0.179197, -0.0206967, 0.0260028, 0.012521, -0.0310281, 0.0494594, 0.061693, 0.00932944, 0.00994082, -0.0315423, 0.0172957, -0.00120206, 0.0130759, -0.0957823, -0.0273333, -0.0212581, 0.0316508, -0.0212581, -0.0273333, -0.0957823, 0.0130759, -0.00120206, 0.0172957, -0.0315423, 0.00994082, 0.00932944, 0.061693, 0.0494594, -0.0310281, 0.012521, 0.0260028, -0.0206967, 0.179197, 0.911238, 
Plaqavg:
0.805845
m_0++ seq2:
35.8753, 1.30549, -0.772301, -1.07582, -1.17665, -1.24179, -1.18359, -1.09444, -1.23039, -1.15078, -1.21082, -1.31871, -1.23513, -1.18969, -1.21433, -1.175, -1.19759, -1.22984, -1.09254, -1.22984, -1.19759, -1.175, -1.21433, -1.18969, -1.23513, -1.31871, -1.21082, -1.15078, -1.23039, -1.09444, -1.18359, -1.24179, -1.17665, -1.07582, -0.772301, 1.30549, 
m_0-- seq2:
43.6407, 22.803, 13.8823, 8.60004, 5.2549, 3.54804, 3.10328, 2.73405, 2.21605, 1.77296, 1.28222, 1.01918, 0.692211, 0.139497, 0.00676529, 0.0369905, 0.0436699, -0.321762, -0.607139, -0.321762, 0.0436699, 0.0369905, 0.00676529, 0.139497, 0.692211, 1.01918, 1.28222, 1.77296, 2.21605, 2.73405, 3.10328, 3.54804, 5.2549, 8.60004, 13.8823, 22.803, 
wilson seq2:
23.2717, 0.940175, 0.219722, 0.0762644, 0.0464622, 0.0398228, 0.00089749, -0.00346642, -0.0101456, 0.050765, 0.0298501, 0.00489927, 0.00811439, -0.018307, 0.00292827, 0.00119492, -0.0391402, 0.0123351, -0.00404119, 0.0123351, -0.0391402, 0.00119492, 0.00292827, -0.018307, 0.00811439, 0.00489927, 0.0298501, 0.050765, -0.0101456, -0.00346642, 0.00089749, 0.0398228, 0.0464622, 0.0762644, 0.219722, 0.940175, 
Plaqavg:
0.806339
m_0++ seq3:
35.7765, 1.34488, -0.700144, -1.08814, -1.06448, -1.19609, -1.26522, -1.20048, -1.22603, -1.17142, -1.22188, -1.09745, -1.02014, -1.25383, -1.26297, -1.27052, -1.28019, -1.31592, -1.19641, -1.31592, -1.28019, -1.27052, -1.26297, -1.25383, -1.02014, -1.09745, -1.22188, -1.17142, -1.22603, -1.20048, -1.26522, -1.19609, -1.06448, -1.08814, -0.700144, 1.34488, 
m_0-- seq3:
47.7391, 25.8708, 15.7645, 9.61465, 5.69947, 3.19905, 1.96219, 1.68718, 1.92559, 2.14371, 2.12216, 1.49748, 0.575884, -0.28721, -0.517037, -0.402657, -0.495494, -0.524678, -0.43427, -0.524678, -0.495494, -0.402657, -0.517037, -0.28721, 0.575884, 1.49748, 2.12216, 2.14371, 1.92559, 1.68718, 1.96219, 3.19905, 5.69947, 9.61465, 15.7645, 25.8708, 
wilson seq3:
23.212, 0.9024, 0.125573, 0.0022679, 0.00264686, 0.0358332, -0.00775352, 0.00800678, -0.000658883, -0.0299114, 0.0114753, -0.0104832, 0.00835236, 0.00690131, 0.0116022, -0.0293635, -0.02725, 0.0158268, 0.0203727, 0.0158268, -0.02725, -0.0293635, 0.0116022, 0.00690131, 0.00835236, -0.0104832, 0.0114753, -0.0299114, -0.000658883, 0.00800678, -0.00775352, 0.0358332, 0.00264686, 0.0022679, 0.125573, 0.9024, 
Plaqavg:
0.805999
m_0++ seq4:
35.7943, 1.37917, -0.760117, -1.07657, -1.1585, -1.14151, -1.33105, -1.2428, -1.4132, -1.12288, -1.14912, -1.21236, -1.09953, -1.11531, -1.23647, -1.23766, -1.21516, -1.17407, -1.18002, -1.17407, -1.21516, -1.23766, -1.23647, -1.11531, -1.09953, -1.21236, -1.14912, -1.12288, -1.4132, -1.2428, -1.33105, -1.14151, -1.1585, -1.07657, -0.760117, 1.37917, 
m_0-- seq4:
48.7986, 27.5428, 18.3621, 12.5711, 8.63493, 5.81421, 3.74894, 2.48096, 1.80376, 1.1722, 0.718779, 0.45894, 0.00514481, -0.455883, -0.745671, -0.496817, -0.0233916, 0.255424, 0.429558, 0.255424, -0.0233916, -0.496817, -0.745671, -0.455883, 0.00514481, 0.45894, 0.718779, 1.1722, 1.80376, 2.48096, 3.74894, 5.81421, 8.63493, 12.5711, 18.3621, 27.5428, 
wilson seq4:
23.1692, 0.885211, 0.194556, 0.00684984, 0.0565084, 0.058964, 0.0824812, 0.0314646, -0.023795, 0.035975, 0.0666215, -0.00417553, 0.0605196, -0.0361955, 0.000783159, -0.00658604, 0.0630412, 0.0480903, 0.0726844, 0.0480903, 0.0630412, -0.00658604, 0.000783159, -0.0361955, 0.0605196, -0.00417553, 0.0666215, 0.035975, -0.023795, 0.0314646, 0.0824812, 0.058964, 0.0565084, 0.00684984, 0.194556, 0.885211, 
Plaqavg:
0.806173
m_0++ seq5:
35.8461, 1.55352, -0.709425, -1.03645, -1.02143, -1.18673, -1.07195, -1.241, -1.21027, -1.19328, -1.26641, -1.29649, -1.35127, -1.2164, -1.3503, -1.29859, -1.32765, -1.12734, -1.14321, -1.12734, -1.32765, -1.29859, -1.3503, -1.2164, -1.35127, -1.29649, -1.26641, -1.19328, -1.21027, -1.241, -1.07195, -1.18673, -1.02143, -1.03645, -0.709425, 1.55352, 
m_0-- seq5:
46.6759, 24.6274, 14.5875, 8.84548, 5.65542, 4.05975, 3.26704, 2.51361, 1.73341, 0.768659, -0.247762, -1.20935, -1.57668, -1.48159, -1.35408, -1.26851, -1.34418, -1.29057, -1.65937, -1.29057, -1.34418, -1.26851, -1.35408, -1.48159, -1.57668, -1.20935, -0.247762, 0.768659, 1.73341, 2.51361, 3.26704, 4.05975, 5.65542, 8.84548, 14.5875, 24.6274, 
wilson seq5:
23.1757, 0.933403, 0.229025, 0.0512075, 0.0171563, -0.0024412, 0.0228109, 0.00416304, -0.0157663, 0.012783, -0.0107022, -0.00976381, 0.00808637, -0.0385675, 0.0435944, -0.00865264, -0.0469684, 0.0399159, -0.132303, 0.0399159, -0.0469684, -0.00865264, 0.0435944, -0.0385675, 0.00808637, -0.00976381, -0.0107022, 0.012783, -0.0157663, 0.00416304, 0.0228109, -0.0024412, 0.0171563, 0.0512075, 0.229025, 0.933403, 
Plaqavg:
0.805967
m_0++ seq6:
35.8694, 1.3527, -0.823729, -1.01064, -1.12958, -1.38699, -1.22469, -1.2257, -1.2265, -1.25793, -1.11268, -1.19344, -1.24981, -1.17253, -1.05437, -1.07583, -1.21556, -1.37291, -1.10899, -1.37291, -1.21556, -1.07583, -1.05437, -1.17253, -1.24981, -1.19344, -1.11268, -1.25793, -1.2265, -1.2257, -1.22469, -1.38699, -1.12958, -1.01064, -0.823729, 1.3527, 
m_0-- seq6:
49.1367, 27.8169, 18.4774, 12.7079, 9.11671, 6.40567, 4.57472, 3.1067, 2.08749, 1.41828, 0.722844, -0.000843191, -0.571637, -1.29428, -2.02034, -2.52944, -2.97872, -3.30075, -3.42878, -3.30075, -2.97872, -2.52944, -2.02034, -1.29428, -0.571637, -0.000843191, 0.722844, 1.41828, 2.08749, 3.1067, 4.57472, 6.40567, 9.11671, 12.7079, 18.4774, 27.8169, 
wilson seq6:
23.1588, 0.95693, 0.255675, 0.106263, 0.0399412, 0.0362654, -0.0552542, -0.0126538, 0.0125645, -0.0385272, -0.013716, -0.058776, -0.00533013, 0.0443106, 0.0389119, 0.0074747, 0.016182, 0.0289018, 0.0526644, 0.0289018, 0.016182, 0.0074747, 0.0389119, 0.0443106, -0.00533013, -0.058776, -0.013716, -0.0385272, 0.0125645, -0.0126538, -0.0552542, 0.0362654, 0.0399412, 0.106263, 0.255675, 0.95693, 
Plaqavg:
0.806007
m_0++ seq1:
35.6752, 1.30081, -0.840562, -1.04369, -1.21017, -1.35464, -1.20247, -1.16241, -1.21376, -1.26832, -1.17466, -1.24725, -1.15218, -1.15329, -1.12132, -1.07391, -1.15608, -1.19425, -1.13892, -1.19425, -1.15608, -1.07391, -1.12132, -1.15329, -1.15218, -1.24725, -1.17466, -1.26832, -1.21376, -1.16241, -1.20247, -1.35464, -1.21017, -1.04369, -0.840562, 1.30081, 
m_0-- seq1:
50.3792, 28.1037, 17.6051, 11.4703, 7.75006, 5.05958, 3.38658, 2.56498, 2.10263, 2.30283, 2.28094, 1.99144, 1.53858, 0.811556, 0.0876814, -0.493441, -0.661633, -0.616393, -0.472408, -0.616393, -0.661633, -0.493441, 0.0876814, 0.811556, 1.53858, 1.99144, 2.28094, 2.30283, 2.10263, 2.56498, 3.38658, 5.05958, 7.75006, 11.4703, 17.6051, 28.1037, 
wilson seq1:
23.053, 0.932586, 0.129994, -0.0397061, -0.0361894, 0.00609985, 0.0468805, -0.00347222, 0.0124622, 0.0138187, -0.0332327, -0.00940002, 0.00212516, 0.0266528, -0.000688039, 0.0237613, -0.0128058, 0.0229447, -0.0220298, 0.0229447, -0.0128058, 0.0237613, -0.000688039, 0.0266528, 0.00212516, -0.00940002, -0.0332327, 0.0138187, 0.0124622, -0.00347222, 0.0468805, 0.00609985, -0.0361894, -0.0397061, 0.129994, 0.932586, 
Plaqavg:
0.80587
m_0++ seq2:
35.6049, 1.19051, -0.854896, -1.12149, -1.2259, -1.19784, -1.16085, -1.14815, -1.18534, -1.27031, -1.19145, -1.27086, -1.13884, -1.14253, -1.07538, -1.22046, -1.20106, -1.05415, -1.06689, -1.05415, -1.20106, -1.22046, -1.07538, -1.14253, -1.13884, -1.27086, -1.19145, -1.27031, -1.18534, -1.14815, -1.16085, -1.19784, -1.2259, -1.12149, -0.854896, 1.19051, 
m_0-- seq2:
45.8697, 24.4476, 15.0769, 8.6778, 4.31151, 1.57995, -0.265606, -1.28784, -1.61582, -1.4992, -1.16191, -0.940985, -0.675409, 0.163026, 1.16505, 2.20271, 3.17716, 3.5762, 3.67001, 3.5762, 3.17716, 2.20271, 1.16505, 0.163026, -0.675409, -0.940985, -1.16191, -1.4992, -1.61582, -1.28784, -0.265606, 1.57995, 4.31151, 8.6778, 15.0769, 24.4476, 
wilson seq2:
23.1784, 0.876143, 0.185403, 0.0221141, 0.0599408, 0.000473918, -0.015531, -0.0305745, -0.0444142, -0.056736, 0.0021786, 0.00723816, -0.0160354, 0.0198945, 0.00540401, -0.00681986, 0.0351821, -0.0907624, -0.15089, -0.0907624, 0.0351821, -0.00681986, 0.00540401, 0.0198945, -0.0160354, 0.00723816, 0.0021786, -0.056736, -0.0444142, -0.0305745, -0.015531, 0.000473918, 0.0599408, 0.0221141, 0.185403, 0.876143, 
Plaqavg:
0.806038
m_0++ seq3:
35.8203, 1.25132, -0.815904, -1.02974, -1.2286, -1.22142, -1.16229, -1.26534, -1.26196, -0.97862, -1.09117, -1.13747, -1.19634, -1.07477, -1.26289, -1.19131, -1.24703, -1.30505, -1.38315, -1.30505, -1.24703, -1.19131, -1.26289, -1.07477, -1.19634, -1.13747, -1.09117, -0.97862, -1.26196, -1.26534, -1.16229, -1.22142, -1.2286, -1.02974, -0.815904, 1.25132, 
m_0-- seq3:
46.7613, 25.3005, 15.8748, 9.88211, 5.72702, 2.65574, 0.567746, -0.8097, -2.04436, -2.45612, -2.42644, -2.13623, -1.44284, -1.02598, -0.961638, -1.07422, -1.46237, -1.88966, -1.99536, -1.88966, -1.46237, -1.07422, -0.961638, -1.02598, -1.44284, -2.13623, -2.42644, -2.45612, -2.04436, -0.8097, 0.567746, 2.65574, 5.72702, 9.88211, 15.8748, 25.3005, 
wilson seq3:
23.0923, 0.916899, 0.128577, 0.0750698, 0.0803364, 0.0394822, 0.0164319, -0.00381781, -0.0157358, -0.0330473, -0.0154914, 0.0107873, 0.0238348, -0.0346598, -0.0129161, 0.0614375, -0.00939351, -0.0243362, -0.0568483, -0.0243362, -0.00939351, 0.0614375, -0.0129161, -0.0346598, 0.0238348, 0.0107873, -0.0154914, -0.0330473, -0.0157358, -0.00381781, 0.0164319, 0.0394822, 0.0803364, 0.0750698, 0.128577, 0.916899, 
Plaqavg:
0.806013
m_0++ seq4:
35.9553, 1.45268, -0.733639, -1.11556, -1.06444, -1.2555, -1.20249, -1.13352, -1.19864, -1.13237, -1.13436, -1.28682, -1.15616, -1.27598, -1.3093, -1.09098, -1.25656, -1.39532, -1.37736, -1.39532, -1.25656, -1.09098, -1.3093, -1.27598, -1.15616, -1.28682, -1.13436, -1.13237, -1.19864, -1.13352, -1.20249, -1.2555, -1.06444, -1.11556, -0.733639, 1.45268, 
m_0-- seq4:
50.9251, 28.8024, 18.8052, 12.515, 8.03292, 4.96502, 3.13406, 1.95971, 0.93597, 0.381036, -0.127804, -0.455954, -0.893327, -1.08569, -1.198, -1.47871, -1.49639, -1.43365, -1.40498, -1.43365, -1.49639, -1.47871, -1.198, -1.08569, -0.893327, -0.455954, -0.127804, 0.381036, 0.93597, 1.95971, 3.13406, 4.96502, 8.03292, 12.515, 18.8052, 28.8024, 
wilson seq4:
23.1458, 0.978715, 0.113796, 0.0223838, 0.0439811, -0.00025599, -0.0172186, -0.0323852, 0.00113356, 0.0302209, 0.0100837, -0.00788921, -0.0632213, 0.0249032, 0.0220181, 0.0459225, 0.0254181, 0.0444379, 0.00130551, 0.0444379, 0.0254181, 0.0459225, 0.0220181, 0.0249032, -0.0632213, -0.00788921, 0.0100837, 0.0302209, 0.00113356, -0.0323852, -0.0172186, -0.00025599, 0.0439811, 0.0223838, 0.113796, 0.978715, 
Plaqavg:
0.805864
m_0++ seq5:
35.7597, 1.30621, -0.871913, -1.21003, -1.2146, -1.32761, -1.1921, -1.24596, -1.08302, -1.18262, -1.0516, -1.2605, -1.23444, -1.24568, -1.12397, -1.09761, -1.1541, -1.17534, -1.02996, -1.17534, -1.1541, -1.09761, -1.12397, -1.24568, -1.23444, -1.2605, -1.0516, -1.18262, -1.08302, -1.24596, -1.1921, -1.32761, -1.2146, -1.21003, -0.871913, 1.30621, 
m_0-- seq5:
52.4415, 30.4229, 21.0065, 15.116, 11.2027, 8.0131, 5.61288, 3.38668, 1.41948, -0.416702, -1.7524, -2.40664, -2.74373, -2.78145, -3.06993, -3.62984, -4.17056, -4.69921, -4.80872, -4.69921, -4.17056, -3.62984, -3.06993, -2.78145, -2.74373, -2.40664, -1.7524, -0.416702, 1.41948, 3.38668, 5.61288, 8.0131, 11.2027, 15.116, 21.0065, 30.4229, 
wilson seq5:
23.0725, 0.889721, 0.170159, 0.0268695, 0.0152966, 0.0354151, 0.0229085, 0.00215298, -0.0230933, 0.0111843, -0.00167337, -0.0314121, -0.00998315, 0.0420893, 0.00926991, -0.0399956, -0.0154207, 0.0164081, 0.0201246, 0.0164081, -0.0154207, -0.0399956, 0.00926991, 0.0420893, -0.00998315, -0.0314121, -0.00167337, 0.0111843, -0.0230933, 0.00215298, 0.0229085, 0.0354151, 0.0152966, 0.0268695, 0.170159, 0.889721, 
Plaqavg:
0.805752
m_0++ seq6:
35.8045, 1.47132, -0.76709, -1.03752, -1.23833, -1.14978, -1.09794, -1.26635, -1.25747, -1.2094, -1.30646, -1.22956, -1.22406, -1.33464, -1.17266, -1.16759, -1.17678, -1.18417, -1.10754, -1.18417, -1.17678, -1.16759, -1.17266, -1.33464, -1.22406, -1.22956, -1.30646, -1.2094, -1.25747, -1.26635, -1.09794, -1.14978, -1.23833, -1.03752, -0.76709, 1.47132, 
m_0-- seq6:
47.4549, 26.1384, 16.7489, 10.9127, 6.91878, 4.53254, 3.14983, 2.38513, 1.81139, 1.27956, 0.557224, 0.0300146, -0.271792, -0.716321, -1.27879, -1.98687, -2.49786, -2.71399, -2.85363, -2.71399, -2.49786, -1.98687, -1.27879, -0.716321, -0.271792, 0.0300146, 0.557224, 1.27956, 1.81139, 2.38513, 3.14983, 4.53254, 6.91878, 10.9127, 16.7489, 26.1384, 
wilson seq6:
23.1935, 0.936929, 0.140279, 0.0461337, 0.0616527, -0.0267849, -0.031031, 0.0145419, 0.0140214, 0.0106243, 0.0537712, 0.0031802, 0.0198026, -0.00786929, 0.0774263, 0.0350516, 0.0305501, 0.0163006, -0.0110742, 0.0163006, 0.0305501, 0.0350516, 0.0774263, -0.00786929, 0.0198026, 0.0031802, 0.0537712, 0.0106243, 0.0140214, 0.0145419, -0.031031, -0.0267849, 0.0616527, 0.0461337, 0.140279, 0.936929, 
Plaqavg:
0.806163
m_0++ seq1:
35.534, 1.21465, -0.912338, -1.14155, -1.0336, -1.29697, -1.10753, -1.19297, -1.19703, -1.07303, -1.2095, -1.19535, -1.19828, -1.10342, -1.12752, -1.19457, -1.18827, -1.25974, -1.10003, -1.25974, -1.18827, -1.19457, -1.12752, -1.10342, -1.19828, -1.19535, -1.2095, -1.07303, -1.19703, -1.19297, -1.10753, -1.29697, -1.0336, -1.14155, -0.912338, 1.21465, 
m_0-- seq1:
46.7515, 25.6306, 16.3408, 10.5168, 6.91586, 4.67153, 3.10059, 1.9338, 1.30589, 1.36705, 1.68376, 2.18558, 2.88206, 3.5273, 3.6123, 3.76323, 3.67719, 3.47233, 3.42925, 3.47233, 3.67719, 3.76323, 3.6123, 3.5273, 2.88206, 2.18558, 1.68376, 1.36705, 1.30589, 1.9338, 3.10059, 4.67153, 6.91586, 10.5168, 16.3408, 25.6306, 
wilson seq1:
23.1642, 0.860745, 0.157337, 0.063481, -0.0275104, 0.0324215, -0.00550833, 0.0155852, 0.0210423, 0.0508979, 0.0392487, 0.00239412, -0.0341059, 0.00723167, 0.0142016, 0.0107739, -0.0160234, -0.0187426, -0.0733057, -0.0187426, -0.0160234, 0.0107739, 0.0142016, 0.00723167, -0.0341059, 0.00239412, 0.0392487, 0.0508979, 0.0210423, 0.0155852, -0.00550833, 0.0324215, -0.0275104, 0.063481, 0.157337, 0.860745, 
Plaqavg:
0.806187
m_0++ seq2:
35.8287, 1.33258, -0.854482, -1.08175, -1.24662, -1.2469, -1.289, -1.24099, -1.16178, -1.25985, -1.08725, -1.13481, -1.25459, -1.21733, -1.19538, -1.22862, -1.06674, -1.06573, -1.23017, -1.06573, -1.06674, -1.22862, -1.19538, -1.21733, -1.25459, -1.13481, -1.08725, -1.25985, -1.16178, -1.24099, -1.289, -1.2469, -1.24662, -1.08175, -0.854482, 1.33258, 
m_0-- seq2:
50.9678, 28.7898, 18.7803, 12.4454, 8.15926, 5.13811, 2.81816, 0.831604, -0.489405, -1.39711, -1.74391, -1.91251, -1.97194, -1.72839, -1.11293, -0.132052, 0.899418, 1.37008, 1.54826, 1.37008, 0.899418, -0.132052, -1.11293, -1.72839, -1.97194, -1.91251, -1.74391, -1.39711, -0.489405, 0.831604, 2.81816, 5.13811, 8.15926, 12.4454, 18.7803, 28.7898, 
wilson seq2:
23.0647, 0.903471, 0.189375, 0.0497211, -0.0267169, 0.0280112, -0.0188458, -0.0406123, -0.0249318, -0.05216, -0.00401123, -0.0493697, -0.0384051, -0.0108294, 0.0107416, 0.00805738, 0.00253935, 0.00800433, -0.0249553, 0.00800433, 0.00253935, 0.00805738, 0.0107416, -0.0108294, -0.0384051, -0.0493697, -0.00401123, -0.05216, -0.0249318, -0.0406123, -0.0188458, 0.0280112, -0.0267169, 0.0497211, 0.189375, 0.903471, 
Plaqavg:
0.805852
m_0++ seq3:
35.7866, 1.31924, -0.9221, -1.14031, -1.03807, -1.10851, -1.06128, -1.23144, -1.16838, -1.08451, -1.32706, -1.26752, -1.22454, -1.39131, -1.20353, -1.2596, -1.17141, -1.11483, -0.996303, -1.11483, -1.17141, -1.2596, -1.20353, -1.39131, -1.22454, -1.26752, -1.32706, -1.08451, -1.16838, -1.23144, -1.06128, -1.10851, -1.03807, -1.14031, -0.9221, 1.31924, 
m_0-- seq3:
45.0464, 23.6266, 14.1974, 8.88465, 5.50958, 3.15083, 1.85322, 1.43784, 1.32362, 1.36967, 1.33665, 0.801795, 0.386612, 0.43671, 0.351373, 0.498527, 0.846008, 0.870719, 0.934337, 0.870719, 0.846008, 0.498527, 0.351373, 0.43671, 0.386612, 0.801795, 1.33665, 1.36967, 1.32362, 1.43784, 1.85322, 3.15083, 5.50958, 8.88465, 14.1974, 23.6266, 
wilson seq3:
23.2078, 0.959518, 0.164226, -0.0119901, -0.00132253, 0.00847641, -0.0328226, -0.0719613, 0.0171242, 0.00246251, -0.061762, -0.0795006, -0.0218201, 0.00662265, 0.00246228, -0.000403567, 0.0486423, -0.0398815, 0.0669737, -0.0398815, 0.0486423, -0.000403567, 0.00246228, 0.00662265, -0.0218201, -0.0795006, -0.061762, 0.00246251, 0.0171242, -0.0719613, -0.0328226, 0.00847641, -0.00132253, -0.0119901, 0.164226, 0.959518, 
Plaqavg:
0.805956
m_0++ seq4:
35.8413, 1.35036, -0.737722, -1.14613, -1.13878, -1.15355, -1.29843, -1.27249, -1.13809, -1.20567, -1.21031, -1.20837, -1.25774, -1.29927, -1.33099, -1.27565, -1.13625, -0.989171, -0.944781, -0.989171, -1.13625, -1.27565, -1.33099, -1.29927, -1.25774, -1.20837, -1.21031, -1.20567, -1.13809, -1.27249, -1.29843, -1.15355, -1.13878, -1.14613, -0.737722, 1.35036, 
m_0-- seq4:
47.8698, 26.1951, 16.7574, 11.6274, 8.74009, 6.58816, 4.76439, 3.23556, 2.42798, 1.79146, 0.998894, 0.0924215, -0.905447, -1.70701, -2.50099, -3.32192, -3.75138, -4.02312, -3.98843, -4.02312, -3.75138, -3.32192, -2.50099, -1.70701, -0.905447, 0.0924215, 0.998894, 1.79146, 2.42798, 3.23556, 4.76439, 6.58816, 8.74009, 11.6274, 16.7574, 26.1951, 
wilson seq4:
23.118, 0.897001, 0.140901, 0.0389855, 0.0387278, 0.0176666, 0.062772, 0.00817167, 0.0272786, 0.00280174, -0.0263401, -0.0648746, -0.00650138, 0.0103291, 0.0290428, 0.0235483, 0.0553841, 0.00346533, 0.0494825, 0.00346533, 0.0553841, 0.0235483, 0.0290428, 0.0103291, -0.00650138, -0.0648746, -0.0263401, 0.00280174, 0.0272786, 0.00817167, 0.062772, 0.0176666, 0.0387278, 0.0389855, 0.140901, 0.897001, 
Plaqavg:
0.806046
m_0++ seq5:
35.7685, 1.37802, -0.820205, -1.11319, -1.02244, -1.15338, -1.23821, -1.17117, -1.37524, -1.30939, -1.1742, -1.27736, -1.07257, -1.23457, -1.11496, -1.20394, -1.26718, -1.13245, -1.16364, -1.13245, -1.26718, -1.20394, -1.11496, -1.23457, -1.07257, -1.27736, -1.1742, -1.30939, -1.37524, -1.17117, -1.23821, -1.15338, -1.02244, -1.11319, -0.820205, 1.37802, 
m_0-- seq5:
43.5285, 21.9089, 12.6252, 7.06694, 3.553, 1.04719, -0.535895, -0.914533, -0.954704, -0.556475, -0.239047, 0.228363, 0.402069, 0.274413, 0.174028, 0.070683, -0.021859, -0.0100753, -0.0799336, -0.0100753, -0.021859, 0.070683, 0.174028, 0.274413, 0.402069, 0.228363, -0.239047, -0.556475, -0.954704, -0.914533, -0.535895, 1.04719, 3.553, 7.06694, 12.6252, 21.9089, 
wilson seq5:
23.1272, 0.9708, 0.142911, 0.0572207, 0.0502714, 0.0318627, 0.0432945, 0.0146729, 0.0240302, 0.0118816, 0.0141173, -0.00500986, -0.0155646, 0.0185796, -0.00217378, 0.00232034, 0.0147009, 0.0809171, 0.0130372, 0.0809171, 0.0147009, 0.00232034, -0.00217378, 0.0185796, -0.0155646, -0.00500986, 0.0141173, 0.0118816, 0.0240302, 0.0146729, 0.0432945, 0.0318627, 0.0502714, 0.0572207, 0.142911, 0.9708, 
Plaqavg:
0.805965
m_0++ seq6:
35.8997, 1.3841, -0.621743, -1.04668, -1.17422, -1.10491, -1.21917, -1.33489, -1.25858, -1.16436, -1.31785, -1.14534, -1.13723, -1.18586, -1.10997, -1.30368, -1.30787, -1.34652, -1.11011, -1.34652, -1.30787, -1.30368, -1.10997, -1.18586, -1.13723, -1.14534, -1.31785, -1.16436, -1.25858, -1.33489, -1.21917, -1.10491, -1.17422, -1.04668, -0.621743, 1.3841, 
m_0-- seq6:
48.5253, 27.0784, 17.7307, 11.7974, 7.7136, 5.5202, 4.3276, 3.75838, 3.30579, 2.85086, 2.65741, 2.39392, 2.32671, 2.29017, 1.88749, 1.3158, 0.910253, 0.709099, 0.625607, 0.709099, 0.910253, 1.3158, 1.88749, 2.29017, 2.32671, 2.39392, 2.65741, 2.85086, 3.30579, 3.75838, 4.3276, 5.5202, 7.7136, 11.7974, 17.7307, 27.0784, 
wilson seq6:
23.1129, 0.847983, 0.157399, 0.082095, 0.0407679, 0.0594354, -0.035573, 0.017624, 0.0169916, -0.0140056, 0.0137074, -0.00529353, 0.0108436, -0.0170125, 0.0222976, -0.0152989, 0.0260359, 0.0322193, -0.0380168, 0.0322193, 0.0260359, -0.0152989, 0.0222976, -0.0170125, 0.0108436, -0.00529353, 0.0137074, -0.0140056, 0.0169916, 0.017624, -0.035573, 0.0594354, 0.0407679, 0.082095, 0.157399, 0.847983, 
Plaqavg:
0.80619
m_0++ seq0:
39.8547, 0.918105, -0.862774, -1.12532, -1.09727, -1.22919, -1.0324, -1.07414, -1.23959, -1.23735, -1.12333, -1.15316, -1.15491, -1.09437, -1.05183, -1.04611, -1.11297, -1.23339, -1.09912, -1.2235, -1.30949, -1.2235, -1.09912, -1.23339, -1.11297, -1.04611, -1.05183, -1.09437, -1.15491, -1.15316, -1.12333, -1.23735, -1.23959, -1.07414, -1.0324, -1.22919, -1.09727, -1.12532, -0.862774, 0.918105, 
m_0-- seq0:
39.4857, 27.7871, 23.2648, 19.3395, 15.7634, 12.4287, 9.26928, 6.47314, 3.93347, 1.58148, -0.715011, -2.77999, -4.73605, -6.28387, -7.6428, -8.71785, -9.65375, -10.4033, -10.8742, -11.1895, -11.3458, -11.1895, -10.8742, -10.4033, -9.65375, -8.71785, -7.6428, -6.28387, -4.73605, -2.77999, -0.715011, 1.58148, 3.93347, 6.47314, 9.26928, 12.4287, 15.7634, 19.3395, 23.2648, 27.7871, 
wilson seq0:
29.4784, 1.28387, 0.349013, 0.149933, 0.125048, 0.0118338, -0.0210052, -0.00356401, 0.0403195, 0.00412405, -0.0911413, 0.0183897, -0.0307495, -0.0349372, 0.0391799, 0.0209072, 0.0439222, -0.0245836, 0.107408, 0.0651886, 0.0699362, 0.0651886, 0.107408, -0.0245836, 0.0439222, 0.0209072, 0.0391799, -0.0349372, -0.0307495, 0.0183897, -0.0911413, 0.00412405, 0.0403195, -0.00356401, -0.0210052, 0.0118338, 0.125048, 0.149933, 0.349013, 1.28387, 
Plaqavg:
0.838764
m_0++ seq1:
39.8922, 0.972755, -0.915401, -0.988438, -1.14685, -1.14009, -1.01171, -1.10461, -1.27003, -1.32678, -1.15211, -1.20272, -1.09918, -0.983104, -1.14688, -1.22272, -1.02265, -1.19085, -1.20688, -1.22251, -1.13063, -1.22251, -1.20688, -1.19085, -1.02265, -1.22272, -1.14688, -0.983104, -1.09918, -1.20272, -1.15211, -1.32678, -1.27003, -1.10461, -1.01171, -1.14009, -1.14685, -0.988438, -0.915401, 0.972755, 
m_0-- seq1:
29.2062, 17.9204, 14.2334, 11.6093, 9.78342, 8.52644, 7.44146, 6.5855, 5.86515, 5.12972, 4.34556, 3.80504, 3.30596, 2.78659, 2.19629, 1.68323, 1.19603, 0.689225, 0.376306, 0.194755, 0.0970128, 0.194755, 0.376306, 0.689225, 1.19603, 1.68323, 2.19629, 2.78659, 3.30596, 3.80504, 4.34556, 5.12972, 5.86515, 6.5855, 7.44146, 8.52644, 9.78342, 11.6093, 14.2334, 17.9204, 
wilson seq1:
29.5388, 1.31776, 0.430355, 0.129791, 0.11915, 0.0262533, -0.043278, 0.00769265, 0.0417924, -0.00995947, 0.0222595, 0.0724191, 0.0309612, 0.0407758, 0.0119852, -0.01856, 0.0749663, 0.0595882, 0.0274228, -0.0167587, 0.0352399, -0.0167587, 0.0274228, 0.0595882, 0.0749663, -0.01856, 0.0119852, 0.0407758, 0.0309612, 0.0724191, 0.0222595, -0.00995947, 0.0417924, 0.00769265, -0.043278, 0.0262533, 0.11915, 0.129791, 0.430355, 1.31776, 
Plaqavg:
0.838872
m_0++ seq2:
40.1793, 0.920403, -1.04787, -1.20209, -1.12931, -1.21344, -1.21475, -1.12415, -1.10482, -1.23891, -1.10306, -1.16183, -1.11542, -1.26623, -1.21984, -1.08116, -1.05219, -0.947853, -1.06054, -1.15424, -1.14469, -1.15424, -1.06054, -0.947853, -1.05219, -1.08116, -1.21984, -1.26623, -1.11542, -1.16183, -1.10306, -1.23891, -1.10482, -1.12415, -1.21475, -1.21344, -1.12931, -1.20209, -1.04787, 0.920403, 
m_0-- seq2:
38.2936, 25.189, 19.0715, 14.0441, 9.96507, 6.85784, 4.30772, 2.3678, 0.955208, -0.113703, -0.651426, -1.11703, -1.03274, -0.443947, 0.41015, 1.40878, 2.54879, 3.51541, 4.17335, 4.80605, 5.14577, 4.80605, 4.17335, 3.51541, 2.54879, 1.40878, 0.41015, -0.443947, -1.03274, -1.11703, -0.651426, -0.113703, 0.955208, 2.3678, 4.30772, 6.85784, 9.96507, 14.0441, 19.0715, 25.189, 
wilson seq2:
29.5489, 1.19448, 0.365527, 0.198805, 0.091022, 0.00829308, -0.0120388, -0.0182061, -0.0779662, 0.0494327, -0.00655788, 0.0247259, -0.0189664, 0.0225407, -0.0254956, 0.0215098, 0.0117399, -0.0449444, -0.0287464, 0.00558181, 0.010424, 0.00558181, -0.0287464, -0.0449444, 0.0117399, 0.0215098, -0.0254956, 0.0225407, -0.0189664, 0.0247259, -0.00655788, 0.0494327, -0.0779662, -0.0182061, -0.0120388, 0.00829308, 0.091022, 0.198805, 0.365527, 1.19448, 
Plaqavg:
0.838543
m_0++ seq3:
40.1184, 0.792295, -0.806543, -1.05937, -1.08877, -1.12314, -1.14437, -1.08305, -1.26132, -1.1394, -1.08996, -1.09569, -1.24415, -1.24549, -1.2065, -1.13004, -1.22917, -1.12888, -1.10113, -1.09557, -1.1579, -1.09557, -1.10113, -1.12888, -1.22917, -1.13004, -1.2065, -1.24549, -1.24415, -1.09569, -1.08996, -1.1394, -1.26132, -1.08305, -1.14437, -1.12314, -1.08877, -1.05937, -0.806543, 0.792295, 
m_0-- seq3:
43.8088, 31.5813, 26.4482, 22.496, 19.3301, 16.5993, 14.315, 12.5958, 11.366, 10.4317, 9.73022, 9.0344, 8.28615, 7.57591, 6.90326, 6.42197, 5.98148, 5.64379, 5.40676, 5.10599, 5.0847, 5.10599, 5.40676, 5.64379, 5.98148, 6.42197, 6.90326, 7.57591, 8.28615, 9.0344, 9.73022, 10.4317, 11.366, 12.5958, 14.315, 16.5993, 19.3301, 22.496, 26.4482, 31.5813, 
wilson seq3:
29.5824, 1.29606, 0.315756, 0.135738, -0.0258715, 0.0371688, 0.0775958, 0.00387687, 0.0148584, 0.0202493, 0.0713076, 0.0429832, 0.0595922, 0.0367385, -0.0212986, 0.0189882, -0.0339181, 0.0164548, 0.0145544, 0.00172292, -0.0166767, 0.00172292, 0.0145544, 0.0164548, -0.0339181, 0.0189882, -0.0212986, 0.0367385, 0.0595922, 0.0429832, 0.0713076, 0.0202493, 0.0148584, 0.00387687, 0.0775958, 0.0371688, -0.0258715, 0.135738, 0.315756, 1.29606, 
Plaqavg:
0.838704
m_0++ seq4:
40.0409, 0.944923, -0.754456, -1.054, -1.10202, -1.223, -1.26651, -1.07817, -1.16759, -1.09325, -1.15305, -1.12534, -1.30034, -1.03942, -1.11519, -1.13044, -1.26973, -1.28187, -1.17647, -1.13368, -1.00169, -1.13368, -1.17647, -1.28187, -1.26973, -1.13044, -1.11519, -1.03942, -1.30034, -1.12534, -1.15305, -1.09325, -1.16759, -1.07817, -1.26651, -1.223, -1.10202, -1.054, -0.754456, 0.944923, 
m_0-- seq4:
28.5153, 16.9574, 12.7416, 9.53364, 6.90911, 4.68484, 3.00248, 1.69514, 0.575165, -0.127036, -0.451244, -0.39405, -0.317132, -0.233369, -0.0127382, 0.163447, 0.439861, 0.682078, 0.871107, 0.939572, 0.974939, 0.939572, 0.871107, 0.682078, 0.439861, 0.163447, -0.0127382, -0.233369, -0.317132, -0.39405, -0.451244, -0.127036, 0.575165, 1.69514, 3.00248, 4.68484, 6.90911, 9.53364, 12.7416, 16.9574, 
wilson seq4:
29.5995, 1.32744, 0.358303, 0.143752, 0.0680339, 0.0680078, 0.048028, 0.0441148, 0.0394086, -0.0142104, 0.00181713, 0.0167152, 0.0194244, -0.0376559, 0.0820394, -0.0117692, -0.0798524, 0.00993647, -0.0174904, 0.0288454, 0.0432285, 0.0288454, -0.0174904, 0.00993647, -0.0798524, -0.0117692, 0.0820394, -0.0376559, 0.0194244, 0.0167152, 0.00181713, -0.0142104, 0.0394086, 0.0441148, 0.048028, 0.0680078, 0.0680339, 0.143752, 0.358303, 1.32744, 
Plaqavg:
0.83881
m_0++ seq5:
39.9899, 1.00252, -0.969669, -1.03683, -0.95781, -1.16234, -1.20311, -1.13287, -1.11268, -1.04236, -1.08559, -1.02368, -1.1989, -1.29513, -1.12244, -1.2061, -1.13165, -1.16116, -1.15764, -1.3047, -1.38561, -1.3047, -1.15764, -1.16116, -1.13165, -1.2061, -1.12244, -1.29513, -1.1989, -1.02368, -1.08559, -1.04236, -1.11268, -1.13287, -1.20311, -1.16234, -0.95781, -1.03683, -0.969669, 1.00252, 
m_0-- seq5:
36.0364, 24.0488, 19.3956, 15.7214, 12.5415, 9.95838, 7.81646, 6.35427, 4.93795, 3.72069, 2.78348, 1.92286, 1.23693, 0.555474, 0.108246, -0.153243, -0.191799, 0.0230592, 0.208828, 0.39466, 0.479426, 0.39466, 0.208828, 0.0230592, -0.191799, -0.153243, 0.108246, 0.555474, 1.23693, 1.92286, 2.78348, 3.72069, 4.93795, 6.35427, 7.81646, 9.95838, 12.5415, 15.7214, 19.3956, 24.0488, 
wilson seq5:
29.5778, 1.1742, 0.275934, 0.0931244, 0.0873997, 0.00577161, 0.0841489, -0.0519874, -0.0150969, -0.0005027, 0.00602055, 0.0123763, 0.0932986, 0.0244437, 0.00964012, 0.0622351, 0.0641433, -0.0370407, 0.0723429, 0.0146153, 0.0397441, 0.0146153, 0.0723429, -0.0370407, 0.0641433, 0.0622351, 0.00964012, 0.0244437, 0.0932986, 0.0123763, 0.00602055, -0.0005027, -0.0150969, -0.0519874, 0.0841489, 0.00577161, 0.0873997, 0.0931244, 0.275934, 1.1742, 
Plaqavg:
0.838696