Equilibriated:383
m_0++ seq0:
24.588, 0.442716, -0.689279, -0.792928, -0.870965, -0.745537, -0.759885, -0.721304, -0.760604, -0.840017, -0.779609, -0.893902, -0.698044, -0.768504, -0.793403, -0.745948, -0.671866, -0.779479, -0.850838, -0.779479, -0.671866, -0.745948, -0.793403, -0.768504, -0.698044, -0.893902, -0.779609, -0.840017, -0.760604, -0.721304, -0.759885, -0.745537, -0.870965, -0.792928, -0.689279, 0.442716, 
m_0-- seq0:
21.2554, 13.9091, 10.9948, 8.52385, 6.42132, 4.57306, 2.92887, 1.52898, 0.32062, -0.69104, -1.43956, -1.99792, -2.42334, -2.65561, -2.82613, -2.99349, -3.23135, -3.39584, -3.54363, -3.39584, -3.23135, -2.99349, -2.82613, -2.65561, -2.42334, -1.99792, -1.43956, -0.69104, 0.32062, 1.52898, 2.92887, 4.57306, 6.42132, 8.52385, 10.9948, 13.9091, 
wilson seq0:
25.2645, 2.78841, 1.16669, 0.642915, 0.386911, 0.223968, 0.138303, 0.084703, 0.107364, 0.0833268, 0.0550582, 0.0371838, -0.0012344, -0.000365067, -0.00468408, -0.0368576, -0.0404334, -0.0382432, -0.0193602, -0.0382432, -0.0404334, -0.0368576, -0.00468408, -0.000365067, -0.0012344, 0.0371838, 0.0550582, 0.0833268, 0.107364, 0.084703, 0.138303, 0.223968, 0.386911, 0.642915, 1.16669, 2.78841, 
Plaqavg:
0.838759
m_0++ seq1:
24.6278, 0.420184, -0.629764, -0.781781, -0.789232, -0.775292, -0.763749, -0.83651, -0.749114, -0.749734, -0.826285, -0.791354, -0.803442, -0.827091, -0.785745, -0.766418, -0.746861, -0.787974, -0.647498, -0.787974, -0.746861, -0.766418, -0.785745, -0.827091, -0.803442, -0.791354, -0.826285, -0.749734, -0.749114, -0.83651, -0.763749, -0.775292, -0.789232, -0.781781, -0.629764, 0.420184, 
m_0-- seq1:
24.7302, 16.9689, 13.6881, 11.046, 8.87136, 7.02654, 5.41937, 4.17262, 3.39149, 2.89784, 2.60633, 2.42851, 2.55809, 2.87211, 3.14464, 3.45577, 3.83058, 4.2085, 4.42636, 4.2085, 3.83058, 3.45577, 3.14464, 2.87211, 2.55809, 2.42851, 2.60633, 2.89784, 3.39149, 4.17262, 5.41937, 7.02654, 8.87136, 11.046, 13.6881, 16.9689, 
wilson seq1:
25.0796, 2.77235, 1.04449, 0.45999, 0.173833, 0.075219, 0.0347519, 0.0163223, -0.096049, -0.085044, -0.0637461, -0.050101, -0.0368419, -0.0248329, -0.0794499, -0.0623021, -0.0126899, -0.0303214, -0.0433212, -0.0303214, -0.0126899, -0.0623021, -0.0794499, -0.0248329, -0.0368419, -0.050101, -0.0637461, -0.085044, -0.096049, 0.0163223, 0.0347519, 0.075219, 0.173833, 0.45999, 1.04449, 2.77235, 
Plaqavg:
0.838621
m_0++ seq2:
24.4708, 0.563665, -0.678021, -0.760551, -0.80057, -0.862469, -0.652653, -0.878832, -0.785795, -0.756275, -0.757485, -0.742095, -0.759768, -0.85087, -0.794007, -0.759069, -0.815033, -0.763542, -0.764025, -0.763542, -0.815033, -0.759069, -0.794007, -0.85087, -0.759768, -0.742095, -0.757485, -0.756275, -0.785795, -0.878832, -0.652653, -0.862469, -0.80057, -0.760551, -0.678021, 0.563665, 
m_0-- seq2:
20.1313, 12.8862, 10.2235, 8.26309, 6.70828, 5.54039, 4.66628, 4.02887, 3.4712, 2.88041, 2.32387, 1.84537, 1.6159, 1.44215, 1.31952, 1.21556, 1.24849, 1.23338, 1.24366, 1.23338, 1.24849, 1.21556, 1.31952, 1.44215, 1.6159, 1.84537, 2.32387, 2.88041, 3.4712, 4.02887, 4.66628, 5.54039, 6.70828, 8.26309, 10.2235, 12.8862, 
wilson seq2:
25.2324, 2.86403, 1.15405, 0.517035, 0.323578, 0.19504, 0.132967, 0.0689009, 0.0194445, -0.0296022, -0.0369992, -0.0275588, 0.0297734, 0.0136027, 0.00365391, -0.0705553, -0.0258145, -0.0704359, -0.128892, -0.0704359, -0.0258145, -0.0705553, 0.00365391, 0.0136027, 0.0297734, -0.0275588, -0.0369992, -0.0296022, 0.0194445, 0.0689009, 0.132967, 0.19504, 0.323578, 0.517035, 1.15405, 2.86403, 
Plaqavg:
0.838746
m_0++ seq3:
24.6866, 0.546517, -0.652187, -0.787585, -0.817484, -0.707251, -0.845132, -0.830054, -0.731213, -0.778828, -0.794562, -0.802019, -0.805481, -0.816407, -0.800811, -0.818471, -0.814504, -0.725261, -0.725167, -0.725261, -0.814504, -0.818471, -0.800811, -0.816407, -0.805481, -0.802019, -0.794562, -0.778828, -0.731213, -0.830054, -0.845132, -0.707251, -0.817484, -0.787585, -0.652187, 0.546517, 
m_0-- seq3:
21.9309, 13.9769, 10.4603, 7.61765, 5.35783, 3.54626, 2.17601, 1.24313, 0.556983, 0.00147348, -0.514917, -1.15835, -1.74021, -2.47707, -3.25097, -3.92587, -4.29049, -4.38329, -4.31004, -4.38329, -4.29049, -3.92587, -3.25097, -2.47707, -1.74021, -1.15835, -0.514917, 0.00147348, 0.556983, 1.24313, 2.17601, 3.54626, 5.35783, 7.61765, 10.4603, 13.9769, 
wilson seq3:
25.2618, 2.77607, 1.0513, 0.527166, 0.332309, 0.229202, 0.14071, 0.0695457, 0.0364296, 0.0251436, -0.0183022, 0.0298008, -0.0197638, 0.039986, -0.00264929, 0.0149755, 0.0457775, -0.00578225, -0.0293505, -0.00578225, 0.0457775, 0.0149755, -0.00264929, 0.039986, -0.0197638, 0.0298008, -0.0183022, 0.0251436, 0.0364296, 0.0695457, 0.14071, 0.229202, 0.332309, 0.527166, 1.0513, 2.77607, 
Plaqavg:
0.838581
m_0++ seq4:
24.6369, 0.498475, -0.536951, -0.705709, -0.76748, -0.81042, -0.777472, -0.760804, -0.765815, -0.795967, -0.732624, -0.77817, -0.778803, -0.722588, -0.837155, -0.85174, -0.935205, -0.828164, -0.863673, -0.828164, -0.935205, -0.85174, -0.837155, -0.722588, -0.778803, -0.77817, -0.732624, -0.795967, -0.765815, -0.760804, -0.777472, -0.81042, -0.76748, -0.705709, -0.536951, 0.498475, 
m_0-- seq4:
29.9275, 21.63, 17.8186, 14.8571, 12.3768, 10.3237, 8.56304, 7.24264, 6.27405, 5.51238, 4.95486, 4.40883, 4.01163, 3.85131, 3.84326, 3.92072, 4.13306, 4.3408, 4.41989, 4.3408, 4.13306, 3.92072, 3.84326, 3.85131, 4.01163, 4.40883, 4.95486, 5.51238, 6.27405, 7.24264, 8.56304, 10.3237, 12.3768, 14.8571, 17.8186, 21.63, 
wilson seq4:
25.113, 2.69888, 1.03017, 0.566077, 0.317272, 0.234216, 0.125221, 0.146775, 0.135385, 0.139907, 0.108008, 0.110688, -0.0156621, -0.055917, -0.0267118, 0.0437199, 0.0335248, 0.0393064, -0.032279, 0.0393064, 0.0335248, 0.0437199, -0.0267118, -0.055917, -0.0156621, 0.110688, 0.108008, 0.139907, 0.135385, 0.146775, 0.125221, 0.234216, 0.317272, 0.566077, 1.03017, 2.69888, 
Plaqavg:
0.838465
m_0++ seq5:
24.609, 0.514796, -0.557864, -0.710293, -0.660486, -0.750465, -0.752465, -0.844254, -0.805828, -0.72426, -0.774896, -0.948731, -0.78875, -0.793551, -0.812087, -0.854877, -0.779839, -0.842001, -0.837316, -0.842001, -0.779839, -0.854877, -0.812087, -0.793551, -0.78875, -0.948731, -0.774896, -0.72426, -0.805828, -0.844254, -0.752465, -0.750465, -0.660486, -0.710293, -0.557864, 0.514796, 
m_0-- seq5:
34.342, 26.9805, 24.3449, 22.6, 21.3304, 20.2839, 19.3804, 18.5462, 17.7208, 17.0132, 16.4421, 16.0418, 15.7162, 15.5256, 15.5218, 15.6576, 15.8376, 15.9508, 15.9533, 15.9508, 15.8376, 15.6576, 15.5218, 15.5256, 15.7162, 16.0418, 16.4421, 17.0132, 17.7208, 18.5462, 19.3804, 20.2839, 21.3304, 22.6, 24.3449, 26.9805, 
wilson seq5:
24.8913, 2.59156, 0.962816, 0.475954, 0.277443, 0.188334, 0.078385, 0.120253, 0.0684711, 0.0195791, 0.0227412, 0.020452, 0.0657808, 0.012955, 0.0465391, 0.0161814, 0.0161738, 0.041132, -0.0229409, 0.041132, 0.0161738, 0.0161814, 0.0465391, 0.012955, 0.0657808, 0.020452, 0.0227412, 0.0195791, 0.0684711, 0.120253, 0.078385, 0.188334, 0.277443, 0.475954, 0.962816, 2.59156, 
Plaqavg:
0.838743
m_0++ seq0:
24.6622, 0.685346, -0.674154, -0.6643, -0.862674, -0.801978, -0.811541, -0.843209, -0.810185, -0.870549, -0.734987, -0.721828, -0.779513, -0.786822, -0.795142, -0.846013, -0.831707, -0.784127, -0.795423, -0.784127, -0.831707, -0.846013, -0.795142, -0.786822, -0.779513, -0.721828, -0.734987, -0.870549, -0.810185, -0.843209, -0.811541, -0.801978, -0.862674, -0.6643, -0.674154, 0.685346, 
m_0-- seq0:
19.4932, 11.9414, 8.84278, 6.63773, 5.10536, 4.13586, 3.55253, 3.16138, 2.97436, 2.99389, 3.10782, 3.30873, 3.41611, 3.44949, 3.46066, 3.46079, 3.37593, 3.33755, 3.30799, 3.33755, 3.37593, 3.46079, 3.46066, 3.44949, 3.41611, 3.30873, 3.10782, 2.99389, 2.97436, 3.16138, 3.55253, 4.13586, 5.10536, 6.63773, 8.84278, 11.9414, 
wilson seq0:
25.1519, 2.82347, 1.1499, 0.604655, 0.327308, 0.224783, 0.140042, 0.0119953, -0.0435609, -0.0139465, -0.0923767, -0.0906765, -0.0733326, -0.0705503, -0.0676207, -0.0264488, -0.157534, -0.112898, -0.0755715, -0.112898, -0.157534, -0.0264488, -0.0676207, -0.0705503, -0.0733326, -0.0906765, -0.0923767, -0.0139465, -0.0435609, 0.0119953, 0.140042, 0.224783, 0.327308, 0.604655, 1.1499, 2.82347, 
Plaqavg:
0.838715
m_0++ seq1:
24.6476, 0.477494, -0.550969, -0.671867, -0.692793, -0.734954, -0.821101, -0.852151, -0.699715, -0.728961, -0.807268, -0.881814, -0.813107, -0.850474, -0.835171, -0.822681, -0.831008, -0.804455, -0.805592, -0.804455, -0.831008, -0.822681, -0.835171, -0.850474, -0.813107, -0.881814, -0.807268, -0.728961, -0.699715, -0.852151, -0.821101, -0.734954, -0.692793, -0.671867, -0.550969, 0.477494, 
m_0-- seq1:
27.0888, 19.549, 16.5561, 14.4402, 12.7918, 11.4944, 10.4939, 9.8468, 9.31673, 8.86449, 8.37373, 7.761, 7.26515, 7.05298, 6.96477, 7.02047, 7.06244, 7.15327, 7.19623, 7.15327, 7.06244, 7.02047, 6.96477, 7.05298, 7.26515, 7.761, 8.37373, 8.86449, 9.31673, 9.8468, 10.4939, 11.4944, 12.7918, 14.4402, 16.5561, 19.549, 
wilson seq1:
25.0558, 2.69371, 1.07863, 0.531888, 0.264468, 0.133984, 0.100817, 0.0354725, 0.0478997, 0.010156, -0.00341507, -0.0405365, -0.0379167, -0.065412, -0.0807207, -0.0412446, -0.0569398, -0.0735457, -0.046591, -0.0735457, -0.0569398, -0.0412446, -0.0807207, -0.065412, -0.0379167, -0.0405365, -0.00341507, 0.010156, 0.0478997, 0.0354725, 0.100817, 0.133984, 0.264468, 0.531888, 1.07863, 2.69371, 
Plaqavg:
0.838653
m_0++ seq2:
24.6739, 0.490396, -0.652788, -0.657011, -0.665662, -0.835907, -0.797902, -0.748909, -0.684707, -0.777683, -0.838336, -0.761574, -0.737322, -0.94587, -0.753463, -0.836099, -0.883724, -0.847775, -0.805243, -0.847775, -0.883724, -0.836099, -0.753463, -0.94587, -0.737322, -0.761574, -0.838336, -0.777683, -0.684707, -0.748909, -0.797902, -0.835907, -0.665662, -0.657011, -0.652788, 0.490396, 
m_0-- seq2:
31.1631, 23.4959, 20.1847, 17.3925, 14.9123, 12.6921, 10.6859, 8.97023, 7.48634, 6.12452, 4.83078, 3.33021, 1.75049, 0.288961, -0.961577, -2.01617, -2.80418, -3.35443, -3.55003, -3.35443, -2.80418, -2.01617, -0.961577, 0.288961, 1.75049, 3.33021, 4.83078, 6.12452, 7.48634, 8.97023, 10.6859, 12.6921, 14.9123, 17.3925, 20.1847, 23.4959, 
wilson seq2:
25.096, 2.68733, 1.00182, 0.562064, 0.218517, 0.0905384, -0.0462091, -0.05719, -0.0692063, -0.0734278, -0.0644585, -0.0681314, -0.0403171, 0.0297378, -0.00187891, -0.00896288, -0.0164773, -0.0744314, -0.0432815, -0.0744314, -0.0164773, -0.00896288, -0.00187891, 0.0297378, -0.0403171, -0.0681314, -0.0644585, -0.0734278, -0.0692063, -0.05719, -0.0462091, 0.0905384, 0.218517, 0.562064, 1.00182, 2.68733, 
Plaqavg:
0.838662
m_0++ seq3:
24.5951, 0.501379, -0.644532, -0.691102, -0.798652, -0.859215, -0.784523, -0.760421, -0.82593, -0.786117, -0.844782, -0.885466, -0.807868, -0.755811, -0.815051, -0.81464, -0.735764, -0.648425, -0.681235, -0.648425, -0.735764, -0.81464, -0.815051, -0.755811, -0.807868, -0.885466, -0.844782, -0.786117, -0.82593, -0.760421, -0.784523, -0.859215, -0.798652, -0.691102, -0.644532, 0.501379, 
m_0-- seq3:
25.38, 17.7023, 14.4852, 11.8522, 9.60547, 7.51754, 5.69334, 4.09347, 2.64829, 1.2954, 0.126712, -0.850858, -1.6414, -2.21413, -2.56, -2.74844, -2.8909, -2.99174, -3.02488, -2.99174, -2.8909, -2.74844, -2.56, -2.21413, -1.6414, -0.850858, 0.126712, 1.2954, 2.64829, 4.09347, 5.69334, 7.51754, 9.60547, 11.8522, 14.4852, 17.7023, 
wilson seq3:
25.0953, 2.77574, 1.08191, 0.559561, 0.346936, 0.153461, 0.111164, 0.0273562, 0.0455042, 0.0242374, 0.0117992, 0.045077, 0.0549635, 0.0596936, 0.0909358, 0.0555552, 0.115771, 0.0805822, 0.0690072, 0.0805822, 0.115771, 0.0555552, 0.0909358, 0.0596936, 0.0549635, 0.045077, 0.0117992, 0.0242374, 0.0455042, 0.0273562, 0.111164, 0.153461, 0.346936, 0.559561, 1.08191, 2.77574, 
Plaqavg:
0.83868
m_0++ seq4:
24.6625, 0.494686, -0.633092, -0.715642, -0.738067, -0.745894, -0.677065, -0.939359, -0.782805, -0.763425, -0.75796, -0.803823, -0.802219, -0.793799, -0.752423, -0.875892, -0.82074, -0.823671, -0.800152, -0.823671, -0.82074, -0.875892, -0.752423, -0.793799, -0.802219, -0.803823, -0.75796, -0.763425, -0.782805, -0.939359, -0.677065, -0.745894, -0.738067, -0.715642, -0.633092, 0.494686, 
m_0-- seq4:
23.5958, 16.3918, 13.6949, 11.662, 10.0278, 8.7626, 7.74433, 6.93316, 6.21704, 5.77119, 5.52452, 5.35786, 5.12416, 4.67031, 4.17144, 3.74037, 3.3967, 3.19627, 3.14853, 3.19627, 3.3967, 3.74037, 4.17144, 4.67031, 5.12416, 5.35786, 5.52452, 5.77119, 6.21704, 6.93316, 7.74433, 8.7626, 10.0278, 11.662, 13.6949, 16.3918, 
wilson seq4:
25.0185, 2.67479, 0.998458, 0.513297, 0.306663, 0.195248, 0.0116145, 0.00134874, -0.0198608, -0.0587886, -0.103552, -0.0122115, -0.0479166, -0.0320831, -0.104226, -0.105361, -0.126256, -0.203713, -0.185305, -0.203713, -0.126256, -0.105361, -0.104226, -0.0320831, -0.0479166, -0.0122115, -0.103552, -0.0587886, -0.0198608, 0.00134874, 0.0116145, 0.195248, 0.306663, 0.513297, 0.998458, 2.67479, 
Plaqavg:
0.838778
m_0++ seq5:
24.5937, 0.555182, -0.552907, -0.827698, -0.846622, -0.785182, -0.723519, -0.769184, -0.800871, -0.76582, -0.798334, -0.851598, -0.75728, -0.789812, -0.821655, -0.876373, -0.736555, -0.741298, -0.814636, -0.741298, -0.736555, -0.876373, -0.821655, -0.789812, -0.75728, -0.851598, -0.798334, -0.76582, -0.800871, -0.769184, -0.723519, -0.785182, -0.846622, -0.827698, -0.552907, 0.555182, 
m_0-- seq5:
27.6788, 20.1358, 17.2677, 14.9699, 13.1315, 11.6919, 10.3845, 9.39648, 8.62055, 8.0075, 7.44895, 6.86869, 6.21, 5.69213, 5.21166, 4.93128, 4.70936, 4.56123, 4.57444, 4.56123, 4.70936, 4.93128, 5.21166, 5.69213, 6.21, 6.86869, 7.44895, 8.0075, 8.62055, 9.39648, 10.3845, 11.6919, 13.1315, 14.9699, 17.2677, 20.1358, 
wilson seq5:
25.1035, 2.72949, 1.12942, 0.622423, 0.35817, 0.177637, 0.103839, -0.0484626, -0.106324, -0.111032, -0.0495059, -0.0086511, -0.00668814, -0.0153849, 0.0161458, 0.0541775, 0.0302146, -0.0223284, 0.0772708, -0.0223284, 0.0302146, 0.0541775, 0.0161458, -0.0153849, -0.00668814, -0.0086511, -0.0495059, -0.111032, -0.106324, -0.0484626, 0.103839, 0.177637, 0.35817, 0.622423, 1.12942, 2.72949, 
Plaqavg:
0.838704
m_0++ seq0:
24.6758, 0.440383, -0.674986, -0.696592, -0.705425, -0.764316, -0.751437, -0.771529, -0.757672, -0.782911, -0.806605, -0.851739, -0.744913, -0.808114, -0.851509, -0.8777, -0.909139, -0.707682, -0.631983, -0.707682, -0.909139, -0.8777, -0.851509, -0.808114, -0.744913, -0.851739, -0.806605, -0.782911, -0.757672, -0.771529, -0.751437, -0.764316, -0.705425, -0.696592, -0.674986, 0.440383, 
m_0-- seq0:
19.6884, 11.8235, 8.48739, 5.84137, 3.73633, 2.21503, 1.30379, 0.758714, 0.478175, 0.490853, 0.636559, 0.737955, 0.78339, 0.719339, 0.511963, 0.270639, -0.0228225, -0.243469, -0.354433, -0.243469, -0.0228225, 0.270639, 0.511963, 0.719339, 0.78339, 0.737955, 0.636559, 0.490853, 0.478175, 0.758714, 1.30379, 2.21503, 3.73633, 5.84137, 8.48739, 11.8235, 
wilson seq0:
25.0983, 2.75615, 1.12721, 0.587335, 0.327012, 0.183188, 0.137303, -0.0311172, -0.00355953, 0.0282317, -0.0239024, 0.0571084, 0.0109552, 0.0335729, -0.0212551, 0.0142032, -0.0308383, -0.0309042, -0.0120074, -0.0309042, -0.0308383, 0.0142032, -0.0212551, 0.0335729, 0.0109552, 0.0571084, -0.0239024, 0.0282317, -0.00355953, -0.0311172, 0.137303, 0.183188, 0.327012, 0.587335, 1.12721, 2.75615, 
Plaqavg:
0.838569
m_0++ seq1:
24.6173, 0.453356, -0.669455, -0.780142, -0.766621, -0.735306, -0.813576, -0.775509, -0.858394, -0.746883, -0.750781, -0.725312, -0.686134, -0.731914, -0.816603, -0.871941, -0.901517, -0.781403, -0.701028, -0.781403, -0.901517, -0.871941, -0.816603, -0.731914, -0.686134, -0.725312, -0.750781, -0.746883, -0.858394, -0.775509, -0.813576, -0.735306, -0.766621, -0.780142, -0.669455, 0.453356, 
m_0-- seq1:
17.1946, 9.89307, 7.19208, 5.20406, 3.68255, 2.53055, 1.44507, 0.441054, -0.333269, -0.850325, -1.33092, -1.76986, -2.036, -2.16085, -2.06284, -1.75636, -1.50415, -1.45871, -1.46191, -1.45871, -1.50415, -1.75636, -2.06284, -2.16085, -2.036, -1.76986, -1.33092, -0.850325, -0.333269, 0.441054, 1.44507, 2.53055, 3.68255, 5.20406, 7.19208, 9.89307, 
wilson seq1:
25.3629, 3.00071, 1.25386, 0.73847, 0.506479, 0.377005, 0.274802, 0.246085, 0.212026, 0.224198, 0.0977789, 0.128222, 0.110989, 0.0704297, 0.00437573, 0.041521, -0.0277865, -0.0331154, -0.0598899, -0.0331154, -0.0277865, 0.041521, 0.00437573, 0.0704297, 0.110989, 0.128222, 0.0977789, 0.224198, 0.212026, 0.246085, 0.274802, 0.377005, 0.506479, 0.73847, 1.25386, 3.00071, 
Plaqavg:
0.838786
m_0++ seq2:
24.5701, 0.446648, -0.646447, -0.755701, -0.766788, -0.836887, -0.790185, -0.830593, -0.814036, -0.752375, -0.745799, -0.843388, -0.751027, -0.674535, -0.772187, -0.776174, -0.86003, -0.755847, -0.719397, -0.755847, -0.86003, -0.776174, -0.772187, -0.674535, -0.751027, -0.843388, -0.745799, -0.752375, -0.814036, -0.830593, -0.790185, -0.836887, -0.766788, -0.755701, -0.646447, 0.446648, 
m_0-- seq2:
22.0718, 14.8512, 12.043, 9.79854, 7.82651, 6.19721, 4.72182, 3.37256, 2.11405, 0.984572, -0.0408349, -0.817721, -1.21636, -1.4411, -1.54732, -1.5216, -1.48848, -1.43287, -1.40853, -1.43287, -1.48848, -1.5216, -1.54732, -1.4411, -1.21636, -0.817721, -0.0408349, 0.984572, 2.11405, 3.37256, 4.72182, 6.19721, 7.82651, 9.79854, 12.043, 14.8512, 
wilson seq2:
25.1711, 2.80783, 1.1153, 0.584303, 0.366157, 0.258742, 0.167629, 0.114449, 0.0639492, -0.0230112, 0.0474516, 0.00576192, 0.0873835, 0.0602975, -0.029201, -0.0589314, 0.0188693, 0.0749663, 0.134761, 0.0749663, 0.0188693, -0.0589314, -0.029201, 0.0602975, 0.0873835, 0.00576192, 0.0474516, -0.0230112, 0.0639492, 0.114449, 0.167629, 0.258742, 0.366157, 0.584303, 1.1153, 2.80783, 
Plaqavg:
0.838771
m_0++ seq3:
24.6396, 0.50228, -0.599337, -0.75822, -0.742188, -0.730642, -0.79558, -0.734082, -0.862757, -0.806045, -0.816755, -0.802106, -0.782198, -0.820594, -0.828997, -0.804995, -0.736759, -0.751555, -0.898538, -0.751555, -0.736759, -0.804995, -0.828997, -0.820594, -0.782198, -0.802106, -0.816755, -0.806045, -0.862757, -0.734082, -0.79558, -0.730642, -0.742188, -0.75822, -0.599337, 0.50228, 
m_0-- seq3:
22.9587, 14.8432, 11.1371, 8.14384, 5.82456, 4.11069, 2.88242, 2.07294, 1.51199, 0.985709, 0.509655, 0.0381664, -0.335828, -0.462484, -0.390926, -0.179317, 0.0522481, 0.178797, 0.150933, 0.178797, 0.0522481, -0.179317, -0.390926, -0.462484, -0.335828, 0.0381664, 0.509655, 0.985709, 1.51199, 2.07294, 2.88242, 4.11069, 5.82456, 8.14384, 11.1371, 14.8432, 
wilson seq3:
25.161, 2.7789, 1.09199, 0.661273, 0.366516, 0.284192, 0.150296, 0.129733, 0.0612566, 0.0846967, 0.13673, 0.0852676, 0.0251185, 0.0499338, 0.0410448, -0.00900961, -0.0135293, 0.0693192, 0.131416, 0.0693192, -0.0135293, -0.00900961, 0.0410448, 0.0499338, 0.0251185, 0.0852676, 0.13673, 0.0846967, 0.0612566, 0.129733, 0.150296, 0.284192, 0.366516, 0.661273, 1.09199, 2.7789, 
Plaqavg:
0.838548
m_0++ seq4:
24.483, 0.530825, -0.716773, -0.789335, -0.824583, -0.780316, -0.776081, -0.838746, -0.779819, -0.807768, -0.783836, -0.69662, -0.847704, -0.885788, -0.679604, -0.622333, -0.781565, -0.788926, -0.745026, -0.788926, -0.781565, -0.622333, -0.679604, -0.885788, -0.847704, -0.69662, -0.783836, -0.807768, -0.779819, -0.838746, -0.776081, -0.780316, -0.824583, -0.789335, -0.716773, 0.530825, 
m_0-- seq4:
22.1624, 14.7469, 11.9735, 9.9597, 8.54047, 7.5424, 6.84431, 6.38482, 5.92302, 5.36143, 4.74899, 4.29733, 3.88585, 3.48564, 3.25748, 3.10673, 2.9971, 2.96476, 2.93419, 2.96476, 2.9971, 3.10673, 3.25748, 3.48564, 3.88585, 4.29733, 4.74899, 5.36143, 5.92302, 6.38482, 6.84431, 7.5424, 8.54047, 9.9597, 11.9735, 14.7469, 
wilson seq4:
25.107, 2.81405, 1.12869, 0.613249, 0.348936, 0.143809, 0.112619, 0.0863849, 0.0265725, -0.0614297, -0.122988, -0.0442771, -0.0675142, 0.0173757, 0.0242537, 0.0246658, 0.0332893, 0.0237049, -0.0844164, 0.0237049, 0.0332893, 0.0246658, 0.0242537, 0.0173757, -0.0675142, -0.0442771, -0.122988, -0.0614297, 0.0265725, 0.0863849, 0.112619, 0.143809, 0.348936, 0.613249, 1.12869, 2.81405, 
Plaqavg:
0.838688
m_0++ seq5:
24.6864, 0.561004, -0.694115, -0.691714, -0.757433, -0.806289, -0.666848, -0.721555, -0.716787, -0.765316, -0.830306, -0.810045, -0.787281, -0.846449, -0.8433, -0.817559, -0.852564, -0.921466, -0.750301, -0.921466, -0.852564, -0.817559, -0.8433, -0.846449, -0.787281, -0.810045, -0.830306, -0.765316, -0.716787, -0.721555, -0.666848, -0.806289, -0.757433, -0.691714, -0.694115, 0.561004, 
m_0-- seq5:
22.3453, 14.9961, 12.2938, 10.2826, 8.61457, 7.23907, 6.11043, 5.31939, 4.67462, 4.15839, 3.74487, 3.37287, 2.99526, 2.60675, 2.17437, 1.87161, 1.66641, 1.62048, 1.57298, 1.62048, 1.66641, 1.87161, 2.17437, 2.60675, 2.99526, 3.37287, 3.74487, 4.15839, 4.67462, 5.31939, 6.11043, 7.23907, 8.61457, 10.2826, 12.2938, 14.9961, 
wilson seq5:
25.1707, 2.85982, 1.13076, 0.637364, 0.411143, 0.255815, 0.158515, 0.189276, 0.105815, 0.0219612, 0.0359372, 0.0381163, 0.0237961, 0.019401, 0.0248261, 0.00890275, 0.0261675, -0.0497841, -0.0965786, -0.0497841, 0.0261675, 0.00890275, 0.0248261, 0.019401, 0.0237961, 0.0381163, 0.0359372, 0.0219612, 0.105815, 0.189276, 0.158515, 0.255815, 0.411143, 0.637364, 1.13076, 2.85982, 
Plaqavg:
0.838708
m_0++ seq0:
24.5477, 0.518187, -0.692955, -0.6214, -0.752686, -0.803671, -0.774942, -0.884516, -0.799682, -0.827249, -0.714872, -0.687456, -0.803936, -0.831386, -0.775403, -0.894666, -0.715148, -0.796397, -0.831312, -0.796397, -0.715148, -0.894666, -0.775403, -0.831386, -0.803936, -0.687456, -0.714872, -0.827249, -0.799682, -0.884516, -0.774942, -0.803671, -0.752686, -0.6214, -0.692955, 0.518187, 
m_0-- seq0:
17.1103, 10.08, 7.56746, 5.59642, 4.01088, 2.77615, 1.78288, 1.07575, 0.669679, 0.429432, 0.193361, 0.0261017, -0.169293, -0.172545, -0.0604868, 0.0809544, 0.141418, 0.1523, 0.117029, 0.1523, 0.141418, 0.0809544, -0.0604868, -0.172545, -0.169293, 0.0261017, 0.193361, 0.429432, 0.669679, 1.07575, 1.78288, 2.77615, 4.01088, 5.59642, 7.56746, 10.08, 
wilson seq0:
25.4518, 3.07459, 1.36232, 0.743699, 0.404497, 0.200833, 0.185781, 0.144181, 0.0872703, 0.0514732, 0.0645841, 0.0428902, 0.0820977, 0.108908, 0.0839096, 0.074464, 0.0679352, 0.00846584, 0.0394181, 0.00846584, 0.0679352, 0.074464, 0.0839096, 0.108908, 0.0820977, 0.0428902, 0.0645841, 0.0514732, 0.0872703, 0.144181, 0.185781, 0.200833, 0.404497, 0.743699, 1.36232, 3.07459, 
Plaqavg:
0.838849
m_0++ seq1:
24.6505, 0.446202, -0.643679, -0.680566, -0.779853, -0.730291, -0.759143, -0.727766, -0.786504, -0.813599, -0.86989, -0.805556, -0.710664, -0.855188, -0.761504, -0.88175, -0.791919, -0.806534, -0.734125, -0.806534, -0.791919, -0.88175, -0.761504, -0.855188, -0.710664, -0.805556, -0.86989, -0.813599, -0.786504, -0.727766, -0.759143, -0.730291, -0.779853, -0.680566, -0.643679, 0.446202, 
m_0-- seq1:
22.801, 15.3954, 12.718, 10.7794, 9.37949, 8.5135, 7.9643, 7.71873, 7.61567, 7.52088, 7.48596, 7.51573, 7.6105, 7.70499, 7.73995, 7.83224, 8.03671, 8.26689, 8.36465, 8.26689, 8.03671, 7.83224, 7.73995, 7.70499, 7.6105, 7.51573, 7.48596, 7.52088, 7.61567, 7.71873, 7.9643, 8.5135, 9.37949, 10.7794, 12.718, 15.3954, 
wilson seq1:
25.2837, 2.87556, 1.22561, 0.585324, 0.441584, 0.234949, 0.147778, 0.0779041, 0.0128192, -0.00841032, 0.015153, -0.0435274, -0.0766908, -0.163726, -0.131985, -0.1386, -0.166475, -0.0924299, -0.20988, -0.0924299, -0.166475, -0.1386, -0.131985, -0.163726, -0.0766908, -0.0435274, 0.015153, -0.00841032, 0.0128192, 0.0779041, 0.147778, 0.234949, 0.441584, 0.585324, 1.22561, 2.87556, 
Plaqavg:
0.838734
m_0++ seq2:
24.4431, 0.543679, -0.541548, -0.774255, -0.728503, -0.745132, -0.822844, -0.824163, -0.917662, -0.823761, -0.725279, -0.741427, -0.694841, -0.87791, -0.829668, -0.799944, -0.785677, -0.746091, -0.773017, -0.746091, -0.785677, -0.799944, -0.829668, -0.87791, -0.694841, -0.741427, -0.725279, -0.823761, -0.917662, -0.824163, -0.822844, -0.745132, -0.728503, -0.774255, -0.541548, 0.543679, 
m_0-- seq2:
18.2297, 11.361, 9.06481, 7.33565, 6.01575, 4.94422, 4.01667, 3.12519, 2.2341, 1.58166, 1.05134, 0.542697, 0.104622, -0.167036, -0.369859, -0.553891, -0.769633, -0.937464, -0.997297, -0.937464, -0.769633, -0.553891, -0.369859, -0.167036, 0.104622, 0.542697, 1.05134, 1.58166, 2.2341, 3.12519, 4.01667, 4.94422, 6.01575, 7.33565, 9.06481, 11.361, 
wilson seq2:
25.3569, 2.98188, 1.20312, 0.640385, 0.395038, 0.223874, 0.0928751, 0.129664, 0.172089, 0.095995, 0.0661832, -0.000634048, 0.0545671, 0.0812128, 0.0419771, 0.00667445, 0.00986414, 0.0511204, -0.0143104, 0.0511204, 0.00986414, 0.00667445, 0.0419771, 0.0812128, 0.0545671, -0.000634048, 0.0661832, 0.095995, 0.172089, 0.129664, 0.0928751, 0.223874, 0.395038, 0.640385, 1.20312, 2.98188, 
Plaqavg:
0.838911
m_0++ seq3:
24.7031, 0.606984, -0.56268, -0.79179, -0.76233, -0.789038, -0.751818, -0.749064, -0.715446, -0.740134, -0.84764, -0.835963, -0.787183, -0.888678, -0.814911, -0.856191, -0.847773, -0.85089, -0.733971, -0.85089, -0.847773, -0.856191, -0.814911, -0.888678, -0.787183, -0.835963, -0.84764, -0.740134, -0.715446, -0.749064, -0.751818, -0.789038, -0.76233, -0.79179, -0.56268, 0.606984, 
m_0-- seq3:
21.8764, 13.917, 10.3682, 7.49926, 5.19162, 3.37487, 1.98194, 1.10193, 0.525194, 0.236555, 0.182519, 0.399744, 0.711749, 1.03012, 1.19632, 1.1703, 1.10035, 1.04672, 0.990473, 1.04672, 1.10035, 1.1703, 1.19632, 1.03012, 0.711749, 0.399744, 0.182519, 0.236555, 0.525194, 1.10193, 1.98194, 3.37487, 5.19162, 7.49926, 10.3682, 13.917, 
wilson seq3:
25.1249, 2.76831, 1.0614, 0.456528, 0.298896, 0.153804, 0.144622, 0.0412226, 0.0438313, 0.106412, 0.0991984, 0.0485526, 0.0499192, -0.00226217, 0.0767857, 0.0738752, 0.0426896, 0.0809829, 0.0956229, 0.0809829, 0.0426896, 0.0738752, 0.0767857, -0.00226217, 0.0499192, 0.0485526, 0.0991984, 0.106412, 0.0438313, 0.0412226, 0.144622, 0.153804, 0.298896, 0.456528, 1.0614, 2.76831, 
Plaqavg:
0.838559
m_0++ seq4:
24.5133, 0.462765, -0.641506, -0.648482, -0.857052, -0.8143, -0.788236, -0.767227, -0.710001, -0.863391, -0.784118, -0.798073, -0.797441, -0.752407, -0.783747, -0.832162, -0.796757, -0.767133, -0.634771, -0.767133, -0.796757, -0.832162, -0.783747, -0.752407, -0.797441, -0.798073, -0.784118, -0.863391, -0.710001, -0.767227, -0.788236, -0.8143, -0.857052, -0.648482, -0.641506, 0.462765, 
m_0-- seq4:
22.0764, 14.7702, 11.9184, 9.65126, 7.84807, 6.32029, 5.06336, 4.04445, 3.20641, 2.46227, 1.68652, 0.94675, 0.124992, -0.679842, -1.43139, -2.00876, -2.53269, -2.94259, -3.07994, -2.94259, -2.53269, -2.00876, -1.43139, -0.679842, 0.124992, 0.94675, 1.68652, 2.46227, 3.20641, 4.04445, 5.06336, 6.32029, 7.84807, 9.65126, 11.9184, 14.7702, 
wilson seq4:
25.1753, 2.79819, 1.01991, 0.517409, 0.34328, 0.205146, 0.129107, 0.0999056, 0.120984, 0.0656317, 0.0318411, -0.00263653, 0.000120318, 0.0496615, -0.0516882, -0.0086148, -0.0676845, 0.0260571, -0.0292992, 0.0260571, -0.0676845, -0.0086148, -0.0516882, 0.0496615, 0.000120318, -0.00263653, 0.0318411, 0.0656317, 0.120984, 0.0999056, 0.129107, 0.205146, 0.34328, 0.517409, 1.01991, 2.79819, 
Plaqavg:
0.838762
m_0++ seq5:
24.5411, 0.375338, -0.543808, -0.729076, -0.764832, -0.831374, -0.736333, -0.745814, -0.721105, -0.734682, -0.879069, -0.869958, -0.792625, -0.775707, -0.746477, -0.747514, -0.872617, -0.788101, -0.73359, -0.788101, -0.872617, -0.747514, -0.746477, -0.775707, -0.792625, -0.869958, -0.879069, -0.734682, -0.721105, -0.745814, -0.736333, -0.831374, -0.764832, -0.729076, -0.543808, 0.375338, 
m_0-- seq5:
21.2715, 13.4784, 10.1601, 7.45114, 5.23421, 3.47304, 2.04846, 0.956269, 0.0740275, -0.60712, -1.25861, -1.76076, -2.06802, -2.36391, -2.54101, -2.66531, -2.78194, -2.72364, -2.72767, -2.72364, -2.78194, -2.66531, -2.54101, -2.36391, -2.06802, -1.76076, -1.25861, -0.60712, 0.0740275, 0.956269, 2.04846, 3.47304, 5.23421, 7.45114, 10.1601, 13.4784, 
wilson seq5:
25.1472, 2.78754, 1.0392, 0.559299, 0.295778, 0.189396, 0.149179, 0.0886338, -0.0118478, 0.0618251, 0.025238, -0.00269561, 0.0050519, -0.0645577, -0.0726163, 0.0182219, -0.0138231, -0.0037422, -0.010221, -0.0037422, -0.0138231, 0.0182219, -0.0726163, -0.0645577, 0.0050519, -0.00269561, 0.025238, 0.0618251, -0.0118478, 0.0886338, 0.149179, 0.189396, 0.295778, 0.559299, 1.0392, 2.78754, 
Plaqavg:
0.838596
m_0++ seq0:
24.7409, 0.547445, -0.600936, -0.805845, -0.68807, -0.83119, -0.81939, -0.845763, -0.844183, -0.820781, -0.797181, -0.780119, -0.829765, -0.733893, -0.809757, -0.717568, -0.734787, -0.802366, -0.912625, -0.802366, -0.734787, -0.717568, -0.809757, -0.733893, -0.829765, -0.780119, -0.797181, -0.820781, -0.844183, -0.845763, -0.81939, -0.83119, -0.68807, -0.805845, -0.600936, 0.547445, 
m_0-- seq0:
20.2124, 12.7884, 10.0724, 8.06364, 6.67518, 5.73366, 4.99866, 4.4434, 4.15713, 4.02509, 4.03308, 3.92907, 3.74102, 3.47699, 3.25829, 2.98217, 2.68956, 2.48105, 2.36921, 2.48105, 2.68956, 2.98217, 3.25829, 3.47699, 3.74102, 3.92907, 4.03308, 4.02509, 4.15713, 4.4434, 4.99866, 5.73366, 6.67518, 8.06364, 10.0724, 12.7884, 
wilson seq0:
25.2564, 2.86545, 1.17716, 0.537343, 0.390802, 0.107727, 0.0473706, 0.0377533, 0.00158371, -0.00592445, 0.0673221, -0.00585632, 0.00226297, -0.00582781, -0.01448, -0.0260456, 0.0492607, -0.00362061, -0.0170533, -0.00362061, 0.0492607, -0.0260456, -0.01448, -0.00582781, 0.00226297, -0.00585632, 0.0673221, -0.00592445, 0.00158371, 0.0377533, 0.0473706, 0.107727, 0.390802, 0.537343, 1.17716, 2.86545, 
Plaqavg:
0.838702
m_0++ seq1:
24.5735, 0.429545, -0.618144, -0.722122, -0.718273, -0.731672, -0.823248, -0.845388, -0.838483, -0.882743, -0.843916, -0.856285, -0.783795, -0.813114, -0.761932, -0.662845, -0.787553, -0.708921, -0.635759, -0.708921, -0.787553, -0.662845, -0.761932, -0.813114, -0.783795, -0.856285, -0.843916, -0.882743, -0.838483, -0.845388, -0.823248, -0.731672, -0.718273, -0.722122, -0.618144, 0.429545, 
m_0-- seq1:
23.0795, 15.6709, 12.8817, 10.9744, 9.64756, 8.69858, 8.01592, 7.57166, 7.32778, 7.17452, 7.09732, 7.10318, 7.13439, 7.12332, 7.07491, 7.17482, 7.43897, 7.62377, 7.64965, 7.62377, 7.43897, 7.17482, 7.07491, 7.12332, 7.13439, 7.10318, 7.09732, 7.17452, 7.32778, 7.57166, 8.01592, 8.69858, 9.64756, 10.9744, 12.8817, 15.6709, 
wilson seq1:
25.2705, 2.86062, 1.14074, 0.569366, 0.355278, 0.268466, 0.15265, 0.150551, 0.066071, 0.0572623, -0.0106305, -0.028649, 0.0418251, 0.0705566, 0.0467841, 0.00965402, -0.0330095, -0.0489696, 0.0620142, -0.0489696, -0.0330095, 0.00965402, 0.0467841, 0.0705566, 0.0418251, -0.028649, -0.0106305, 0.0572623, 0.066071, 0.150551, 0.15265, 0.268466, 0.355278, 0.569366, 1.14074, 2.86062, 
Plaqavg:
0.838627
m_0++ seq2:
24.6382, 0.444883, -0.573373, -0.742495, -0.817779, -0.707241, -0.7498, -0.743782, -0.770375, -0.818273, -0.914251, -0.89293, -0.800339, -0.78689, -0.807827, -0.779576, -0.797516, -0.741991, -0.639068, -0.741991, -0.797516, -0.779576, -0.807827, -0.78689, -0.800339, -0.89293, -0.914251, -0.818273, -0.770375, -0.743782, -0.7498, -0.707241, -0.817779, -0.742495, -0.573373, 0.444883, 
m_0-- seq2:
19.6278, 12.0098, 9.01518, 6.72032, 4.77551, 3.35709, 2.44854, 1.81779, 1.48544, 1.27276, 1.0732, 0.981854, 1.12761, 1.40031, 1.74453, 2.18267, 2.61061, 2.8564, 2.98917, 2.8564, 2.61061, 2.18267, 1.74453, 1.40031, 1.12761, 0.981854, 1.0732, 1.27276, 1.48544, 1.81779, 2.44854, 3.35709, 4.77551, 6.72032, 9.01518, 12.0098, 
wilson seq2:
25.3126, 2.90259, 1.16842, 0.511798, 0.243747, 0.104293, 0.0649724, 0.0346921, -0.046513, -0.0371137, -0.0460374, -0.064671, -0.126819, -0.100265, -0.0834404, -0.0298017, -0.04113, -0.0921477, 0.0443585, -0.0921477, -0.04113, -0.0298017, -0.0834404, -0.100265, -0.126819, -0.064671, -0.0460374, -0.0371137, -0.046513, 0.0346921, 0.0649724, 0.104293, 0.243747, 0.511798, 1.16842, 2.90259, 
Plaqavg:
0.83867
m_0++ seq3:
24.7332, 0.507995, -0.647832, -0.690634, -0.800502, -0.826676, -0.854837, -0.745122, -0.803683, -0.736538, -0.686392, -0.686698, -0.808027, -0.787845, -0.787212, -0.86175, -0.829807, -0.895769, -0.850558, -0.895769, -0.829807, -0.86175, -0.787212, -0.787845, -0.808027, -0.686698, -0.686392, -0.736538, -0.803683, -0.745122, -0.854837, -0.826676, -0.800502, -0.690634, -0.647832, 0.507995, 
m_0-- seq3:
31.8278, 23.6442, 19.529, 15.7767, 12.4093, 9.40316, 6.53445, 3.86862, 1.36003, -0.846404, -2.88424, -4.46028, -5.6042, -6.15068, -6.37365, -6.47144, -6.37153, -6.19627, -6.08935, -6.19627, -6.37153, -6.47144, -6.37365, -6.15068, -5.6042, -4.46028, -2.88424, -0.846404, 1.36003, 3.86862, 6.53445, 9.40316, 12.4093, 15.7767, 19.529, 23.6442, 
wilson seq3:
25.0774, 2.6703, 1.01465, 0.519696, 0.301736, 0.204058, 0.180178, 0.201563, 0.0445294, 0.00966203, -0.0145716, 0.0208576, 0.0543061, -0.0625097, -0.0737812, -0.126267, -0.125657, -0.0586744, 0.0223873, -0.0586744, -0.125657, -0.126267, -0.0737812, -0.0625097, 0.0543061, 0.0208576, -0.0145716, 0.00966203, 0.0445294, 0.201563, 0.180178, 0.204058, 0.301736, 0.519696, 1.01465, 2.6703, 
Plaqavg:
0.83855
m_0++ seq4:
24.7515, 0.615902, -0.489943, -0.710381, -0.779857, -0.78908, -0.953668, -0.904999, -0.833072, -0.737386, -0.82255, -0.876199, -0.846264, -0.775634, -0.735703, -0.772678, -0.760247, -0.778134, -0.851732, -0.778134, -0.760247, -0.772678, -0.735703, -0.775634, -0.846264, -0.876199, -0.82255, -0.737386, -0.833072, -0.904999, -0.953668, -0.78908, -0.779857, -0.710381, -0.489943, 0.615902, 
m_0-- seq4:
29.2676, 21.4775, 18.1992, 15.6767, 13.7059, 12.0146, 10.3882, 8.81904, 7.44978, 6.16375, 5.03061, 4.04282, 3.38909, 2.79286, 2.3479, 1.99319, 1.81604, 1.78521, 1.77533, 1.78521, 1.81604, 1.99319, 2.3479, 2.79286, 3.38909, 4.04282, 5.03061, 6.16375, 7.44978, 8.81904, 10.3882, 12.0146, 13.7059, 15.6767, 18.1992, 21.4775, 
wilson seq4:
25.107, 2.73592, 1.13521, 0.541356, 0.333423, 0.15, 0.232396, 0.108621, 0.124467, 0.100113, 0.0762796, 0.0811853, 0.0467629, -0.000301035, -0.0454747, -0.0708463, -0.0561457, -0.0595364, -0.0953705, -0.0595364, -0.0561457, -0.0708463, -0.0454747, -0.000301035, 0.0467629, 0.0811853, 0.0762796, 0.100113, 0.124467, 0.108621, 0.232396, 0.15, 0.333423, 0.541356, 1.13521, 2.73592, 
Plaqavg:
0.838593
m_0++ seq5:
24.6682, 0.495877, -0.547442, -0.77896, -0.797056, -0.713596, -0.786479, -0.833331, -0.812336, -0.723587, -0.755505, -0.783857, -0.792025, -0.769928, -0.893247, -0.892274, -0.756035, -0.835463, -0.717687, -0.835463, -0.756035, -0.892274, -0.893247, -0.769928, -0.792025, -0.783857, -0.755505, -0.723587, -0.812336, -0.833331, -0.786479, -0.713596, -0.797056, -0.77896, -0.547442, 0.495877, 
m_0-- seq5:
24.888, 16.8584, 13.0281, 9.81685, 7.13423, 4.87394, 2.8644, 1.0693, -0.431813, -1.7305, -2.87423, -3.83639, -4.33035, -4.50898, -4.42648, -4.29612, -4.0797, -3.65539, -3.56177, -3.65539, -4.0797, -4.29612, -4.42648, -4.50898, -4.33035, -3.83639, -2.87423, -1.7305, -0.431813, 1.0693, 2.8644, 4.87394, 7.13423, 9.81685, 13.0281, 16.8584, 
wilson seq5:
25.12, 2.76011, 1.05388, 0.505416, 0.275579, 0.152927, 0.0916637, 0.0413592, 0.0269249, 0.0334099, 0.0605045, -0.0422685, 0.0442967, 0.00145752, 0.0817634, 0.0318383, 0.00730408, 0.0853819, 0.0167052, 0.0853819, 0.00730408, 0.0318383, 0.0817634, 0.00145752, 0.0442967, -0.0422685, 0.0605045, 0.0334099, 0.0269249, 0.0413592, 0.0916637, 0.152927, 0.275579, 0.505416, 1.05388, 2.76011, 
Plaqavg:
0.838628