Equilibriated:418
m_0++ seq0:
27.505, 0.756522, -0.74338, -0.915669, -0.8399, -1.03008, -0.932591, -0.947179, -0.894339, -0.938573, -0.797379, -0.852308, -0.841334, -0.827717, -0.804408, -0.92007, -0.959858, -0.844613, -0.839276, -0.844613, -0.959858, -0.92007, -0.804408, -0.827717, -0.841334, -0.852308, -0.797379, -0.938573, -0.894339, -0.947179, -0.932591, -1.03008, -0.8399, -0.915669, -0.74338, 0.756522, 
m_0-- seq0:
30.3901, 20.3342, 16.1356, 12.8656, 10.0758, 7.51065, 5.26353, 3.22782, 1.29013, -0.429125, -2.0716, -3.54357, -4.63909, -5.48806, -6.19085, -6.79296, -7.12697, -7.47906, -7.57916, -7.47906, -7.12697, -6.79296, -6.19085, -5.48806, -4.63909, -3.54357, -2.0716, -0.429125, 1.29013, 3.22782, 5.26353, 7.51065, 10.0758, 12.8656, 16.1356, 20.3342, 
wilson seq0:
24.4115, 2.13187, 0.637799, 0.342632, 0.211685, 0.0724861, 0.0498995, 0.0873807, -0.00102439, 0.0359558, 0.00611814, -0.0151763, -0.000697918, 0.0643459, 0.00309935, 0.000884799, -0.0172934, 0.0274272, 0.0564587, 0.0274272, -0.0172934, 0.000884799, 0.00309935, 0.0643459, -0.000697918, -0.0151763, 0.00611814, 0.0359558, -0.00102439, 0.0873807, 0.0498995, 0.0724861, 0.211685, 0.342632, 0.637799, 2.13187, 
Plaqavg:
0.829628
m_0++ seq1:
27.653, 0.755538, -0.528594, -0.808477, -0.873959, -0.917357, -0.786348, -0.972018, -0.932629, -0.85814, -0.935619, -0.987716, -0.874296, -0.951671, -0.859193, -0.883838, -0.938215, -0.982511, -0.982865, -0.982511, -0.938215, -0.883838, -0.859193, -0.951671, -0.874296, -0.987716, -0.935619, -0.85814, -0.932629, -0.972018, -0.786348, -0.917357, -0.873959, -0.808477, -0.528594, 0.755538, 
m_0-- seq1:
30.1372, 19.8515, 15.5537, 12.1943, 9.46008, 7.19649, 5.30733, 3.91187, 2.8338, 2.18757, 1.65098, 1.19579, 0.673885, -0.00289847, -0.886057, -1.60878, -2.18747, -2.62918, -2.85038, -2.62918, -2.18747, -1.60878, -0.886057, -0.00289847, 0.673885, 1.19579, 1.65098, 2.18757, 2.8338, 3.91187, 5.30733, 7.19649, 9.46008, 12.1943, 15.5537, 19.8515, 
wilson seq1:
24.431, 1.98029, 0.631703, 0.224001, 0.188777, 0.0628411, 0.0329629, 0.029557, 0.00578866, -0.0239258, -0.0292826, 0.0309495, 0.0864035, 0.00979916, -0.0332073, -0.0626303, -0.0925832, -0.0851386, -0.0651868, -0.0851386, -0.0925832, -0.0626303, -0.0332073, 0.00979916, 0.0864035, 0.0309495, -0.0292826, -0.0239258, 0.00578866, 0.029557, 0.0329629, 0.0628411, 0.188777, 0.224001, 0.631703, 1.98029, 
Plaqavg:
0.829536
m_0++ seq2:
27.376, 0.682335, -0.746964, -0.86543, -0.838537, -0.896445, -0.867637, -0.889146, -0.898945, -0.925095, -0.936944, -0.946394, -0.943182, -0.974775, -0.787891, -0.791028, -0.839731, -0.795694, -0.85295, -0.795694, -0.839731, -0.791028, -0.787891, -0.974775, -0.943182, -0.946394, -0.936944, -0.925095, -0.898945, -0.889146, -0.867637, -0.896445, -0.838537, -0.86543, -0.746964, 0.682335, 
m_0-- seq2:
31.4996, 21.4139, 17.201, 14.1413, 11.9145, 10.3498, 9.27873, 8.43075, 7.88983, 7.36152, 6.87949, 6.35549, 5.9601, 5.80344, 5.83722, 6.10322, 6.46919, 6.76256, 6.87534, 6.76256, 6.46919, 6.10322, 5.83722, 5.80344, 5.9601, 6.35549, 6.87949, 7.36152, 7.88983, 8.43075, 9.27873, 10.3498, 11.9145, 14.1413, 17.201, 21.4139, 
wilson seq2:
24.3648, 1.96527, 0.685845, 0.274863, 0.163931, 0.0262968, 0.0245307, -0.0485579, -0.00623388, -0.0394295, -0.0152986, -0.043316, -0.00537785, -0.0129827, 0.0347315, 0.0178633, -0.062809, -0.0165267, -0.0119649, -0.0165267, -0.062809, 0.0178633, 0.0347315, -0.0129827, -0.00537785, -0.043316, -0.0152986, -0.0394295, -0.00623388, -0.0485579, 0.0245307, 0.0262968, 0.163931, 0.274863, 0.685845, 1.96527, 
Plaqavg:
0.829641
m_0++ seq3:
27.6334, 0.642461, -0.722287, -0.956743, -0.903429, -0.914953, -0.853618, -0.774091, -0.858658, -0.93854, -0.77881, -0.841922, -0.90455, -0.977467, -0.869579, -0.886878, -0.88494, -0.930664, -0.924027, -0.930664, -0.88494, -0.886878, -0.869579, -0.977467, -0.90455, -0.841922, -0.77881, -0.93854, -0.858658, -0.774091, -0.853618, -0.914953, -0.903429, -0.956743, -0.722287, 0.642461, 
m_0-- seq3:
32.714, 21.3809, 16.1506, 12.1672, 9.22587, 6.93448, 5.23406, 4.25594, 3.81438, 3.74979, 3.71949, 3.55783, 3.62784, 3.87045, 3.97015, 4.09313, 4.2449, 4.53221, 4.62708, 4.53221, 4.2449, 4.09313, 3.97015, 3.87045, 3.62784, 3.55783, 3.71949, 3.74979, 3.81438, 4.25594, 5.23406, 6.93448, 9.22587, 12.1672, 16.1506, 21.3809, 
wilson seq3:
24.2173, 1.9924, 0.603541, 0.261443, 0.108357, 0.139047, 0.00359519, -0.0341089, -0.00816952, 0.0271162, 0.0211564, 0.0298755, -0.0554458, 0.00716353, -0.0475678, -0.0580537, 0.026732, 0.059376, -0.0298574, 0.059376, 0.026732, -0.0580537, -0.0475678, 0.00716353, -0.0554458, 0.0298755, 0.0211564, 0.0271162, -0.00816952, -0.0341089, 0.00359519, 0.139047, 0.108357, 0.261443, 0.603541, 1.9924, 
Plaqavg:
0.829239
m_0++ seq4:
27.3455, 0.653205, -0.558406, -0.845753, -0.927188, -0.891334, -0.82859, -0.928294, -0.922308, -0.84351, -0.881275, -0.85999, -0.870666, -0.835793, -0.981746, -0.829682, -0.946606, -0.93373, -0.882163, -0.93373, -0.946606, -0.829682, -0.981746, -0.835793, -0.870666, -0.85999, -0.881275, -0.84351, -0.922308, -0.928294, -0.82859, -0.891334, -0.927188, -0.845753, -0.558406, 0.653205, 
m_0-- seq4:
25.5112, 15.1921, 10.9944, 8.04048, 5.81786, 4.18329, 2.96135, 1.8845, 0.762288, -0.114452, -0.592868, -0.661825, -0.544965, -0.296412, 0.022066, 0.276113, 0.556932, 0.803638, 0.809969, 0.803638, 0.556932, 0.276113, 0.022066, -0.296412, -0.544965, -0.661825, -0.592868, -0.114452, 0.762288, 1.8845, 2.96135, 4.18329, 5.81786, 8.04048, 10.9944, 15.1921, 
wilson seq4:
24.4959, 2.14146, 0.741801, 0.314499, 0.139578, 0.00868719, -0.0158307, 0.00796878, -0.0172162, -0.0169985, 0.0502437, 0.0999535, 0.0315843, 0.0672386, 0.060756, 0.0362535, 0.0809979, -0.00273742, 0.0680166, -0.00273742, 0.0809979, 0.0362535, 0.060756, 0.0672386, 0.0315843, 0.0999535, 0.0502437, -0.0169985, -0.0172162, 0.00796878, -0.0158307, 0.00868719, 0.139578, 0.314499, 0.741801, 2.14146, 
Plaqavg:
0.829533
m_0++ seq5:
27.5844, 0.590217, -0.6524, -0.898741, -0.911278, -0.880628, -0.831236, -0.900552, -0.803351, -0.901001, -0.875865, -0.875606, -0.913066, -0.928407, -0.933943, -0.868945, -0.895657, -0.883011, -0.857439, -0.883011, -0.895657, -0.868945, -0.933943, -0.928407, -0.913066, -0.875606, -0.875865, -0.901001, -0.803351, -0.900552, -0.831236, -0.880628, -0.911278, -0.898741, -0.6524, 0.590217, 
m_0-- seq5:
30.3499, 20.0458, 16.0102, 13.1261, 10.8732, 9.15846, 7.7147, 6.60514, 5.56801, 4.50087, 3.42272, 2.36288, 1.28605, 0.465037, -0.130152, -0.408877, -0.525881, -0.641677, -0.671224, -0.641677, -0.525881, -0.408877, -0.130152, 0.465037, 1.28605, 2.36288, 3.42272, 4.50087, 5.56801, 6.60514, 7.7147, 9.15846, 10.8732, 13.1261, 16.0102, 20.0458, 
wilson seq5:
24.4065, 2.02632, 0.707796, 0.275194, 0.157339, 0.0319402, 0.0437608, -0.0103393, -0.0486751, -0.0399072, -0.0447452, -0.0199684, -0.000941175, 0.0196063, -0.0479881, 0.00480191, 0.0262795, 0.0127767, 0.10754, 0.0127767, 0.0262795, 0.00480191, -0.0479881, 0.0196063, -0.000941175, -0.0199684, -0.0447452, -0.0399072, -0.0486751, -0.0103393, 0.0437608, 0.0319402, 0.157339, 0.275194, 0.707796, 2.02632, 
Plaqavg:
0.829432
m_0++ seq0:
27.483, 0.717847, -0.74068, -0.82842, -0.839293, -0.920981, -0.801889, -0.900991, -0.915061, -0.913695, -0.969558, -1.04245, -0.91359, -0.926181, -0.878357, -0.786005, -0.894568, -0.830822, -0.713563, -0.830822, -0.894568, -0.786005, -0.878357, -0.926181, -0.91359, -1.04245, -0.969558, -0.913695, -0.915061, -0.900991, -0.801889, -0.920981, -0.839293, -0.82842, -0.74068, 0.717847, 
m_0-- seq0:
29.3321, 18.7241, 14.1119, 10.664, 8.22397, 6.37481, 5.0654, 3.98697, 3.2981, 3.03378, 2.88735, 2.79877, 2.74413, 2.74266, 2.91553, 3.11251, 3.33467, 3.35049, 3.32432, 3.35049, 3.33467, 3.11251, 2.91553, 2.74266, 2.74413, 2.79877, 2.88735, 3.03378, 3.2981, 3.98697, 5.0654, 6.37481, 8.22397, 10.664, 14.1119, 18.7241, 
wilson seq0:
24.4495, 2.04909, 0.654861, 0.264522, 0.144852, 0.0186557, -0.000198698, 0.0069441, -0.0128448, 0.0135877, -0.0114562, -0.117254, -0.00362426, -0.0237193, 0.0279549, -0.0281121, -0.0413957, -0.0568754, -0.0154725, -0.0568754, -0.0413957, -0.0281121, 0.0279549, -0.0237193, -0.00362426, -0.117254, -0.0114562, 0.0135877, -0.0128448, 0.0069441, -0.000198698, 0.0186557, 0.144852, 0.264522, 0.654861, 2.04909, 
Plaqavg:
0.829439
m_0++ seq1:
27.5483, 0.686184, -0.665702, -0.806189, -0.833076, -0.832577, -0.973953, -0.854431, -0.943737, -0.898383, -0.943832, -0.931422, -0.815765, -0.837857, -0.876564, -0.839493, -0.976558, -0.92785, -1.00588, -0.92785, -0.976558, -0.839493, -0.876564, -0.837857, -0.815765, -0.931422, -0.943832, -0.898383, -0.943737, -0.854431, -0.973953, -0.832577, -0.833076, -0.806189, -0.665702, 0.686184, 
m_0-- seq1:
32.7778, 22.1509, 17.6208, 14.097, 11.3852, 9.16037, 7.56011, 6.28428, 5.55096, 5.21647, 5.02416, 4.73086, 4.25103, 3.64489, 2.96046, 2.3718, 2.0539, 1.97977, 1.95368, 1.97977, 2.0539, 2.3718, 2.96046, 3.64489, 4.25103, 4.73086, 5.02416, 5.21647, 5.55096, 6.28428, 7.56011, 9.16037, 11.3852, 14.097, 17.6208, 22.1509, 
wilson seq1:
24.2828, 1.97387, 0.648761, 0.229795, 0.114819, 0.0893348, 0.086567, 0.063172, 0.00629876, 0.0929837, 0.0156086, 0.0127908, 0.0048286, 0.0546543, 0.0386027, -0.00201106, 0.0431404, 0.051658, 0.0423836, 0.051658, 0.0431404, -0.00201106, 0.0386027, 0.0546543, 0.0048286, 0.0127908, 0.0156086, 0.0929837, 0.00629876, 0.063172, 0.086567, 0.0893348, 0.114819, 0.229795, 0.648761, 1.97387, 
Plaqavg:
0.829408
m_0++ seq2:
27.5696, 0.753833, -0.675326, -0.793062, -0.922108, -0.806217, -0.859815, -0.97689, -0.859381, -0.963061, -1.01005, -0.868943, -0.868375, -0.913403, -0.901758, -0.956206, -0.856847, -0.940288, -0.733823, -0.940288, -0.856847, -0.956206, -0.901758, -0.913403, -0.868375, -0.868943, -1.01005, -0.963061, -0.859381, -0.97689, -0.859815, -0.806217, -0.922108, -0.793062, -0.675326, 0.753833, 
m_0-- seq2:
25.6618, 15.7877, 11.5474, 8.33532, 6.04769, 4.38303, 3.10408, 1.8643, 0.749652, -0.23538, -0.92216, -1.46806, -1.97862, -2.36496, -2.77908, -3.01605, -3.23282, -3.21701, -3.29383, -3.21701, -3.23282, -3.01605, -2.77908, -2.36496, -1.97862, -1.46806, -0.92216, -0.23538, 0.749652, 1.8643, 3.10408, 4.38303, 6.04769, 8.33532, 11.5474, 15.7877, 
wilson seq2:
24.3605, 2.10728, 0.710888, 0.295074, 0.161134, 0.103437, 0.0114634, 0.0432358, 0.00144752, -0.0237576, 0.0601783, 0.0488873, -0.00665659, -0.0717322, -0.0409659, -0.0220666, -0.0303403, -0.0253123, -0.0188912, -0.0253123, -0.0303403, -0.0220666, -0.0409659, -0.0717322, -0.00665659, 0.0488873, 0.0601783, -0.0237576, 0.00144752, 0.0432358, 0.0114634, 0.103437, 0.161134, 0.295074, 0.710888, 2.10728, 
Plaqavg:
0.829738
m_0++ seq3:
27.4455, 0.712824, -0.733509, -0.770277, -0.808888, -0.887078, -0.843233, -0.939388, -0.970099, -0.855092, -0.85488, -0.837767, -0.950135, -0.86694, -0.832073, -0.89639, -0.955414, -0.962492, -0.943829, -0.962492, -0.955414, -0.89639, -0.832073, -0.86694, -0.950135, -0.837767, -0.85488, -0.855092, -0.970099, -0.939388, -0.843233, -0.887078, -0.808888, -0.770277, -0.733509, 0.712824, 
m_0-- seq3:
28.6402, 17.849, 12.9543, 9.46439, 6.91281, 4.81261, 3.02727, 1.67563, 0.479129, -0.432848, -1.07654, -1.62384, -1.94164, -2.17696, -2.41421, -2.43257, -2.17034, -1.65733, -1.54078, -1.65733, -2.17034, -2.43257, -2.41421, -2.17696, -1.94164, -1.62384, -1.07654, -0.432848, 0.479129, 1.67563, 3.02727, 4.81261, 6.91281, 9.46439, 12.9543, 17.849, 
wilson seq3:
24.3692, 2.02377, 0.694802, 0.28477, 0.081479, 0.0946915, 0.0460196, 0.0856933, 0.0849112, 0.0192798, 0.0580619, 0.0536945, -0.018775, -0.0281499, 0.0336434, 0.0384025, 0.0306634, 0.0946467, 0.0376947, 0.0946467, 0.0306634, 0.0384025, 0.0336434, -0.0281499, -0.018775, 0.0536945, 0.0580619, 0.0192798, 0.0849112, 0.0856933, 0.0460196, 0.0946915, 0.081479, 0.28477, 0.694802, 2.02377, 
Plaqavg:
0.82942
m_0++ seq4:
27.6567, 0.786883, -0.747809, -0.780766, -0.816718, -0.875115, -0.793366, -0.818831, -0.950956, -0.860211, -0.919744, -0.902221, -0.920399, -0.958201, -1.00078, -0.923018, -1.02175, -0.916115, -0.818449, -0.916115, -1.02175, -0.923018, -1.00078, -0.958201, -0.920399, -0.902221, -0.919744, -0.860211, -0.950956, -0.818831, -0.793366, -0.875115, -0.816718, -0.780766, -0.747809, 0.786883, 
m_0-- seq4:
28.7483, 18.2957, 14.0677, 11.2283, 9.13181, 7.58455, 6.28231, 5.14535, 4.20836, 3.62014, 3.0154, 2.57561, 2.4721, 2.32391, 2.32307, 2.42859, 2.54023, 2.49241, 2.48351, 2.49241, 2.54023, 2.42859, 2.32307, 2.32391, 2.4721, 2.57561, 3.0154, 3.62014, 4.20836, 5.14535, 6.28231, 7.58455, 9.13181, 11.2283, 14.0677, 18.2957, 
wilson seq4:
24.3617, 2.01503, 0.606401, 0.31914, 0.158715, 0.0914391, 0.105691, 0.0440756, 0.0055692, -0.00478933, 0.0233966, 0.00109646, -0.0659653, -0.0123637, 0.0122879, 0.0200813, -0.0281327, -0.0809888, -0.0369668, -0.0809888, -0.0281327, 0.0200813, 0.0122879, -0.0123637, -0.0659653, 0.00109646, 0.0233966, -0.00478933, 0.0055692, 0.0440756, 0.105691, 0.0914391, 0.158715, 0.31914, 0.606401, 2.01503, 
Plaqavg:
0.829456
m_0++ seq5:
27.503, 0.748032, -0.703329, -0.746705, -0.914968, -0.954649, -0.930576, -0.88335, -0.916518, -0.830994, -0.79095, -0.917206, -0.909206, -1.01032, -0.971902, -0.863243, -0.853332, -0.839427, -0.925734, -0.839427, -0.853332, -0.863243, -0.971902, -1.01032, -0.909206, -0.917206, -0.79095, -0.830994, -0.916518, -0.88335, -0.930576, -0.954649, -0.914968, -0.746705, -0.703329, 0.748032, 
m_0-- seq5:
29.1889, 18.9194, 14.6586, 11.5391, 9.08724, 7.36802, 6.03663, 5.10462, 4.34012, 3.61647, 2.90271, 2.3488, 2.00437, 1.89978, 1.97804, 2.21937, 2.48148, 2.63933, 2.68961, 2.63933, 2.48148, 2.21937, 1.97804, 1.89978, 2.00437, 2.3488, 2.90271, 3.61647, 4.34012, 5.10462, 6.03663, 7.36802, 9.08724, 11.5391, 14.6586, 18.9194, 
wilson seq5:
24.3266, 2.02514, 0.704729, 0.337844, 0.138506, 0.0392274, 0.0479695, 0.0663635, -0.0138896, -0.0172011, -0.0177273, -0.0277031, -0.0117925, 0.0433156, 0.0335796, 0.0126077, -0.0148749, -0.0679837, -0.0621801, -0.0679837, -0.0148749, 0.0126077, 0.0335796, 0.0433156, -0.0117925, -0.0277031, -0.0177273, -0.0172011, -0.0138896, 0.0663635, 0.0479695, 0.0392274, 0.138506, 0.337844, 0.704729, 2.02514, 
Plaqavg:
0.829495
m_0++ seq0:
27.5063, 0.767174, -0.60541, -0.940655, -0.90963, -0.972442, -0.906617, -0.911379, -0.886239, -1.02472, -0.929605, -0.81168, -0.868412, -0.807987, -0.799319, -0.800464, -0.872388, -0.953821, -1.03909, -0.953821, -0.872388, -0.800464, -0.799319, -0.807987, -0.868412, -0.81168, -0.929605, -1.02472, -0.886239, -0.911379, -0.906617, -0.972442, -0.90963, -0.940655, -0.60541, 0.767174, 
m_0-- seq0:
29.3092, 18.4859, 13.7631, 10.4052, 8.03075, 6.18228, 4.89935, 3.9987, 3.18053, 2.57517, 2.23191, 2.30019, 2.70019, 3.35552, 4.09298, 4.72003, 5.04019, 5.02976, 4.94124, 5.02976, 5.04019, 4.72003, 4.09298, 3.35552, 2.70019, 2.30019, 2.23191, 2.57517, 3.18053, 3.9987, 4.89935, 6.18228, 8.03075, 10.4052, 13.7631, 18.4859, 
wilson seq0:
24.2905, 1.97595, 0.669157, 0.335805, 0.129748, 0.0237266, 0.0494981, 0.0526126, -0.0396934, 0.0196034, 0.00773106, 0.0120927, 0.0211008, -0.0444938, 0.00140996, -0.00894905, -0.021493, -0.0260986, 0.00841662, -0.0260986, -0.021493, -0.00894905, 0.00140996, -0.0444938, 0.0211008, 0.0120927, 0.00773106, 0.0196034, -0.0396934, 0.0526126, 0.0494981, 0.0237266, 0.129748, 0.335805, 0.669157, 1.97595, 
Plaqavg:
0.829356
m_0++ seq1:
27.6189, 0.692567, -0.760084, -0.814422, -0.860956, -0.950264, -0.902739, -0.986748, -0.939477, -0.770796, -0.752876, -0.857774, -0.888713, -0.843161, -0.87036, -0.950465, -1.01938, -0.920161, -0.827318, -0.920161, -1.01938, -0.950465, -0.87036, -0.843161, -0.888713, -0.857774, -0.752876, -0.770796, -0.939477, -0.986748, -0.902739, -0.950264, -0.860956, -0.814422, -0.760084, 0.692567, 
m_0-- seq1:
28.5116, 18.3167, 13.7856, 10.3493, 7.63553, 5.62593, 4.1031, 3.16708, 2.60051, 2.24266, 1.98933, 1.7197, 1.4372, 1.0591, 0.525855, 0.306162, 0.185189, 0.134368, 0.21635, 0.134368, 0.185189, 0.306162, 0.525855, 1.0591, 1.4372, 1.7197, 1.98933, 2.24266, 2.60051, 3.16708, 4.1031, 5.62593, 7.63553, 10.3493, 13.7856, 18.3167, 
wilson seq1:
24.4468, 2.09039, 0.703296, 0.293783, 0.104082, 0.0466795, 0.023394, 0.0625187, 0.0549365, 0.0155707, -0.0385062, -0.0151554, -0.0137104, -0.0383026, -0.000984558, -0.00427726, -0.0294044, -0.00011311, -0.0689056, -0.00011311, -0.0294044, -0.00427726, -0.000984558, -0.0383026, -0.0137104, -0.0151554, -0.0385062, 0.0155707, 0.0549365, 0.0625187, 0.023394, 0.0466795, 0.104082, 0.293783, 0.703296, 2.09039, 
Plaqavg:
0.829649
m_0++ seq2:
27.4688, 0.672569, -0.691003, -0.768932, -0.889655, -0.883189, -0.915425, -0.861156, -0.845075, -0.869056, -0.864828, -0.974159, -0.924775, -0.886982, -0.821591, -0.886385, -0.960391, -0.90458, -0.919616, -0.90458, -0.960391, -0.886385, -0.821591, -0.886982, -0.924775, -0.974159, -0.864828, -0.869056, -0.845075, -0.861156, -0.915425, -0.883189, -0.889655, -0.768932, -0.691003, 0.672569, 
m_0-- seq2:
29.1145, 17.9227, 12.6427, 8.59873, 5.30529, 2.74169, 0.735114, -0.804427, -2.03247, -2.92259, -3.46692, -3.73811, -3.7656, -3.21569, -2.56262, -2.15245, -1.93708, -1.77166, -1.73089, -1.77166, -1.93708, -2.15245, -2.56262, -3.21569, -3.7656, -3.73811, -3.46692, -2.92259, -2.03247, -0.804427, 0.735114, 2.74169, 5.30529, 8.59873, 12.6427, 17.9227, 
wilson seq2:
24.322, 2.02555, 0.633135, 0.233443, 0.101262, 0.0630815, 0.0813487, -0.0241678, -0.00743876, 0.00394356, 0.0593261, 0.00123214, 0.0623647, 0.0482011, 0.0336834, -0.00398539, -0.0394781, -0.0155526, -0.0133908, -0.0155526, -0.0394781, -0.00398539, 0.0336834, 0.0482011, 0.0623647, 0.00123214, 0.0593261, 0.00394356, -0.00743876, -0.0241678, 0.0813487, 0.0630815, 0.101262, 0.233443, 0.633135, 2.02555, 
Plaqavg:
0.82931
m_0++ seq3:
27.4216, 0.674646, -0.559665, -0.773123, -0.861956, -0.999023, -0.921379, -0.779915, -0.918819, -0.959778, -0.871211, -0.864039, -1.04396, -0.892419, -0.902855, -0.874631, -0.904815, -0.880623, -0.754414, -0.880623, -0.904815, -0.874631, -0.902855, -0.892419, -1.04396, -0.864039, -0.871211, -0.959778, -0.918819, -0.779915, -0.921379, -0.999023, -0.861956, -0.773123, -0.559665, 0.674646, 
m_0-- seq3:
31.0093, 20.7505, 16.1904, 12.7861, 9.96825, 7.3518, 5.03688, 3.0082, 1.28321, -0.332579, -1.89135, -3.10694, -4.05484, -4.54402, -4.73082, -4.84739, -4.87372, -4.91765, -4.95506, -4.91765, -4.87372, -4.84739, -4.73082, -4.54402, -4.05484, -3.10694, -1.89135, -0.332579, 1.28321, 3.0082, 5.03688, 7.3518, 9.96825, 12.7861, 16.1904, 20.7505, 
wilson seq3:
24.316, 2.023, 0.637703, 0.285352, 0.154306, 0.0893254, 0.0669626, 0.0569596, 0.0429451, 0.0294544, -0.0251273, -0.0441561, -0.0185197, 0.0260401, -0.0652445, 0.00568881, -0.0168168, -0.0438339, -0.0174346, -0.0438339, -0.0168168, 0.00568881, -0.0652445, 0.0260401, -0.0185197, -0.0441561, -0.0251273, 0.0294544, 0.0429451, 0.0569596, 0.0669626, 0.0893254, 0.154306, 0.285352, 0.637703, 2.023, 
Plaqavg:
0.82958
m_0++ seq4:
27.4876, 0.630462, -0.722712, -0.855653, -0.863533, -0.85061, -0.892062, -0.827988, -0.965954, -0.882689, -0.824601, -0.898597, -0.902319, -0.896097, -0.91497, -0.875387, -0.884991, -0.892798, -0.846606, -0.892798, -0.884991, -0.875387, -0.91497, -0.896097, -0.902319, -0.898597, -0.824601, -0.882689, -0.965954, -0.827988, -0.892062, -0.85061, -0.863533, -0.855653, -0.722712, 0.630462, 
m_0-- seq4:
31.324, 20.9736, 16.374, 12.8772, 9.92462, 7.25881, 5.05118, 3.13746, 1.55434, 0.249441, -0.973996, -1.9018, -2.75024, -3.5015, -4.02624, -4.37368, -4.67127, -4.75731, -4.74646, -4.75731, -4.67127, -4.37368, -4.02624, -3.5015, -2.75024, -1.9018, -0.973996, 0.249441, 1.55434, 3.13746, 5.05118, 7.25881, 9.92462, 12.8772, 16.374, 20.9736, 
wilson seq4:
24.3461, 1.97184, 0.636285, 0.278393, 0.178036, 0.0440258, 0.0794726, 0.0696559, 0.0294618, 0.00686675, -0.002273, -0.0140078, 0.0343142, -0.00198835, -0.0182097, 0.0208451, 0.0600937, 0.0289925, 0.0408879, 0.0289925, 0.0600937, 0.0208451, -0.0182097, -0.00198835, 0.0343142, -0.0140078, -0.002273, 0.00686675, 0.0294618, 0.0696559, 0.0794726, 0.0440258, 0.178036, 0.278393, 0.636285, 1.97184, 
Plaqavg:
0.829591
m_0++ seq5:
27.6408, 0.667348, -0.699941, -0.728698, -0.823451, -0.941576, -0.84927, -0.851147, -0.880637, -0.830182, -0.896675, -0.941783, -0.942184, -0.97904, -0.843158, -0.863239, -0.890425, -1.01517, -1.0223, -1.01517, -0.890425, -0.863239, -0.843158, -0.97904, -0.942184, -0.941783, -0.896675, -0.830182, -0.880637, -0.851147, -0.84927, -0.941576, -0.823451, -0.728698, -0.699941, 0.667348, 
m_0-- seq5:
35.9893, 25.2783, 20.5212, 16.9986, 14.1948, 11.7715, 9.46743, 7.25986, 5.07586, 2.92473, 0.857986, -1.00951, -2.58801, -3.86797, -5.00737, -6.1219, -6.88944, -7.34483, -7.45723, -7.34483, -6.88944, -6.1219, -5.00737, -3.86797, -2.58801, -1.00951, 0.857986, 2.92473, 5.07586, 7.25986, 9.46743, 11.7715, 14.1948, 16.9986, 20.5212, 25.2783, 
wilson seq5:
24.3246, 2.07637, 0.722771, 0.309612, 0.112713, 0.136178, -0.00240373, 0.0555647, -0.00959193, 0.0136501, -0.0079591, 0.0118927, 0.0391918, -0.00501692, 0.0762632, 0.0445984, 0.053021, 0.0430073, 0.0382201, 0.0430073, 0.053021, 0.0445984, 0.0762632, -0.00501692, 0.0391918, 0.0118927, -0.0079591, 0.0136501, -0.00959193, 0.0555647, -0.00240373, 0.136178, 0.112713, 0.309612, 0.722771, 2.07637, 
Plaqavg:
0.82943
m_0++ seq0:
27.7533, 0.840823, -0.704787, -0.849296, -0.947908, -0.860643, -0.918076, -0.993715, -0.920089, -0.841119, -0.964447, -0.849969, -0.882117, -0.957341, -0.794661, -0.88719, -0.858354, -0.994707, -0.986115, -0.994707, -0.858354, -0.88719, -0.794661, -0.957341, -0.882117, -0.849969, -0.964447, -0.841119, -0.920089, -0.993715, -0.918076, -0.860643, -0.947908, -0.849296, -0.704787, 0.840823, 
m_0-- seq0:
30.3692, 19.5826, 14.7035, 10.9994, 8.18002, 6.14276, 4.53043, 3.17192, 2.14212, 1.38653, 0.738385, 0.0959929, -0.662181, -1.48041, -2.06464, -2.28116, -2.22649, -2.12318, -2.0746, -2.12318, -2.22649, -2.28116, -2.06464, -1.48041, -0.662181, 0.0959929, 0.738385, 1.38653, 2.14212, 3.17192, 4.53043, 6.14276, 8.18002, 10.9994, 14.7035, 19.5826, 
wilson seq0:
24.2987, 2.05239, 0.639738, 0.279556, 0.257621, 0.163623, 0.0493066, -0.0302774, -0.0205742, -0.00681414, 0.0820084, 0.00652986, -0.0573179, -0.0280481, -0.0272665, -0.0501547, -0.0743675, -0.142141, -0.181515, -0.142141, -0.0743675, -0.0501547, -0.0272665, -0.0280481, -0.0573179, 0.00652986, 0.0820084, -0.00681414, -0.0205742, -0.0302774, 0.0493066, 0.163623, 0.257621, 0.279556, 0.639738, 2.05239, 
Plaqavg:
0.829382
m_0++ seq1:
27.5391, 0.78393, -0.72341, -0.919689, -0.84137, -0.936518, -0.845524, -0.858063, -0.857999, -0.85009, -0.967157, -0.928515, -0.911195, -0.884676, -0.85537, -0.949253, -0.964073, -0.856504, -0.808172, -0.856504, -0.964073, -0.949253, -0.85537, -0.884676, -0.911195, -0.928515, -0.967157, -0.85009, -0.857999, -0.858063, -0.845524, -0.936518, -0.84137, -0.919689, -0.72341, 0.78393, 
m_0-- seq1:
35.1896, 24.4704, 19.6893, 16.0543, 13.3296, 11.253, 9.79333, 8.71261, 8.03344, 7.55485, 7.30912, 7.22146, 7.20313, 7.07372, 7.28032, 7.51634, 7.90535, 8.19343, 8.33521, 8.19343, 7.90535, 7.51634, 7.28032, 7.07372, 7.20313, 7.22146, 7.30912, 7.55485, 8.03344, 8.71261, 9.79333, 11.253, 13.3296, 16.0543, 19.6893, 24.4704, 
wilson seq1:
24.3074, 1.99644, 0.658591, 0.241171, 0.12023, 0.102497, 0.0516873, -0.00911816, -0.00434792, -0.0377237, 0.0130979, 0.0614977, -0.0430902, -0.0241383, -0.0570222, -0.0256541, -0.0301271, -0.0738602, -0.0434899, -0.0738602, -0.0301271, -0.0256541, -0.0570222, -0.0241383, -0.0430902, 0.0614977, 0.0130979, -0.0377237, -0.00434792, -0.00911816, 0.0516873, 0.102497, 0.12023, 0.241171, 0.658591, 1.99644, 
Plaqavg:
0.829432
m_0++ seq2:
27.6129, 0.855055, -0.684374, -0.842875, -1.03781, -1.03641, -0.887137, -0.880624, -0.874633, -0.780803, -0.937197, -0.881018, -0.805613, -0.91552, -0.86397, -0.819599, -0.989681, -0.998503, -0.851432, -0.998503, -0.989681, -0.819599, -0.86397, -0.91552, -0.805613, -0.881018, -0.937197, -0.780803, -0.874633, -0.880624, -0.887137, -1.03641, -1.03781, -0.842875, -0.684374, 0.855055, 
m_0-- seq2:
39.3297, 28.4613, 23.3058, 19.2318, 16.0259, 13.3112, 10.9266, 8.67677, 6.82616, 5.16499, 3.63357, 2.30652, 0.932218, -0.492523, -2.0216, -3.42228, -4.37601, -5.06687, -5.36444, -5.06687, -4.37601, -3.42228, -2.0216, -0.492523, 0.932218, 2.30652, 3.63357, 5.16499, 6.82616, 8.67677, 10.9266, 13.3112, 16.0259, 19.2318, 23.3058, 28.4613, 
wilson seq2:
24.1804, 1.90404, 0.526256, 0.199637, 0.0615148, 0.0212543, 0.0332896, 0.025073, 0.0490636, 0.00859027, 0.0421049, -0.00523955, 0.039739, 0.024923, -0.00233153, 0.00048337, 0.041314, -0.0167081, -0.110225, -0.0167081, 0.041314, 0.00048337, -0.00233153, 0.024923, 0.039739, -0.00523955, 0.0421049, 0.00859027, 0.0490636, 0.025073, 0.0332896, 0.0212543, 0.0615148, 0.199637, 0.526256, 1.90404, 
Plaqavg:
0.829314
m_0++ seq3:
27.5816, 0.597276, -0.690423, -0.786895, -0.800779, -0.870608, -0.891808, -0.909035, -0.912807, -0.911967, -0.79511, -0.939198, -0.924945, -0.884977, -0.855576, -0.9468, -0.931159, -0.939737, -0.792548, -0.939737, -0.931159, -0.9468, -0.855576, -0.884977, -0.924945, -0.939198, -0.79511, -0.911967, -0.912807, -0.909035, -0.891808, -0.870608, -0.800779, -0.786895, -0.690423, 0.597276, 
m_0-- seq3:
33.3808, 23.4053, 19.0703, 15.3601, 12.2014, 9.68955, 7.77419, 6.45341, 5.45295, 4.56692, 3.99962, 3.54657, 3.35351, 3.13744, 2.91869, 2.86889, 2.83188, 2.70345, 2.62027, 2.70345, 2.83188, 2.86889, 2.91869, 3.13744, 3.35351, 3.54657, 3.99962, 4.56692, 5.45295, 6.45341, 7.77419, 9.68955, 12.2014, 15.3601, 19.0703, 23.4053, 
wilson seq3:
24.3833, 2.10276, 0.799526, 0.366667, 0.215431, 0.162339, 0.0557627, 0.0867551, 0.0965352, 0.142852, 0.0792152, 0.0773851, 0.0220149, 0.0820223, 0.00896618, 0.016368, -0.0136273, 0.00393797, 0.0105267, 0.00393797, -0.0136273, 0.016368, 0.00896618, 0.0820223, 0.0220149, 0.0773851, 0.0792152, 0.142852, 0.0965352, 0.0867551, 0.0557627, 0.162339, 0.215431, 0.366667, 0.799526, 2.10276, 
Plaqavg:
0.829643
m_0++ seq4:
27.4693, 0.71604, -0.747352, -0.770231, -0.887615, -0.979864, -0.875854, -0.755581, -0.867969, -0.948233, -0.872458, -0.961405, -0.997062, -0.901762, -0.931684, -0.847237, -0.852685, -0.830681, -0.846024, -0.830681, -0.852685, -0.847237, -0.931684, -0.901762, -0.997062, -0.961405, -0.872458, -0.948233, -0.867969, -0.755581, -0.875854, -0.979864, -0.887615, -0.770231, -0.747352, 0.71604, 
m_0-- seq4:
25.9693, 15.8143, 11.5908, 8.38416, 5.80096, 3.89646, 2.49854, 1.47529, 0.744477, 0.0513957, -0.534247, -1.0683, -1.79094, -2.50694, -2.96664, -3.30516, -3.51443, -3.78802, -3.79556, -3.78802, -3.51443, -3.30516, -2.96664, -2.50694, -1.79094, -1.0683, -0.534247, 0.0513957, 0.744477, 1.47529, 2.49854, 3.89646, 5.80096, 8.38416, 11.5908, 15.8143, 
wilson seq4:
24.5452, 2.25947, 0.861068, 0.383254, 0.292542, 0.146768, 0.0906655, 0.041493, 0.00981071, -0.0316459, -0.0144727, -0.0709048, -0.0809843, -0.0469231, 0.0108366, -0.0569462, -0.0439428, -0.0967098, -0.0534136, -0.0967098, -0.0439428, -0.0569462, 0.0108366, -0.0469231, -0.0809843, -0.0709048, -0.0144727, -0.0316459, 0.00981071, 0.041493, 0.0906655, 0.146768, 0.292542, 0.383254, 0.861068, 2.25947, 
Plaqavg:
0.829612
m_0++ seq5:
27.3716, 0.573404, -0.740196, -0.789986, -0.872629, -0.836678, -0.947936, -0.900592, -0.92466, -0.947072, -0.922872, -0.757252, -0.896851, -0.877469, -0.833307, -0.852383, -0.745379, -0.95811, -0.91168, -0.95811, -0.745379, -0.852383, -0.833307, -0.877469, -0.896851, -0.757252, -0.922872, -0.947072, -0.92466, -0.900592, -0.947936, -0.836678, -0.872629, -0.789986, -0.740196, 0.573404, 
m_0-- seq5:
25.4506, 14.9415, 10.5605, 7.6092, 5.6808, 4.48337, 3.64108, 3.10888, 2.50581, 1.99632, 1.47816, 1.22445, 0.924877, 0.706847, 0.593374, 0.639264, 0.877094, 1.01071, 1.03659, 1.01071, 0.877094, 0.639264, 0.593374, 0.706847, 0.924877, 1.22445, 1.47816, 1.99632, 2.50581, 3.10888, 3.64108, 4.48337, 5.6808, 7.6092, 10.5605, 14.9415, 
wilson seq5:
24.3601, 1.98568, 0.735764, 0.29701, 0.136171, 0.071866, 0.0208095, -0.0215718, -0.00356175, -0.0159949, -0.0216098, -0.027451, -0.0269353, -0.0486015, -0.035498, -0.0782726, -0.0431267, -0.033023, 0.0127605, -0.033023, -0.0431267, -0.0782726, -0.035498, -0.0486015, -0.0269353, -0.027451, -0.0216098, -0.0159949, -0.00356175, -0.0215718, 0.0208095, 0.071866, 0.136171, 0.29701, 0.735764, 1.98568, 
Plaqavg:
0.829428
m_0++ seq0:
27.4918, 0.742988, -0.688898, -0.85922, -0.90508, -0.824797, -0.928449, -0.896959, -0.876459, -0.891466, -0.927123, -0.995535, -0.799989, -0.810752, -0.797083, -0.83174, -0.935003, -0.945341, -1.15003, -0.945341, -0.935003, -0.83174, -0.797083, -0.810752, -0.799989, -0.995535, -0.927123, -0.891466, -0.876459, -0.896959, -0.928449, -0.824797, -0.90508, -0.85922, -0.688898, 0.742988, 
m_0-- seq0:
27.0313, 16.5371, 12.0425, 8.75717, 6.42291, 4.84772, 3.5551, 2.61933, 1.95044, 1.32071, 0.956424, 0.720226, 0.581962, 0.449439, 0.283748, -0.144148, -0.714374, -1.11882, -1.26132, -1.11882, -0.714374, -0.144148, 0.283748, 0.449439, 0.581962, 0.720226, 0.956424, 1.32071, 1.95044, 2.61933, 3.5551, 4.84772, 6.42291, 8.75717, 12.0425, 16.5371, 
wilson seq0:
24.3414, 2.02182, 0.683357, 0.30048, 0.189414, 0.0566613, 0.104798, 0.0499415, 0.0239118, 0.0152849, -0.0211423, 2.0536e-05, -0.0137128, -0.0388628, -0.0263024, -0.0168965, 0.00188528, 0.0292304, -0.0231715, 0.0292304, 0.00188528, -0.0168965, -0.0263024, -0.0388628, -0.0137128, 2.0536e-05, -0.0211423, 0.0152849, 0.0239118, 0.0499415, 0.104798, 0.0566613, 0.189414, 0.30048, 0.683357, 2.02182, 
Plaqavg:
0.829414
m_0++ seq1:
27.5582, 0.637191, -0.778585, -0.808048, -0.907021, -0.796643, -0.91609, -0.851839, -0.880493, -0.86581, -0.838744, -0.879311, -0.919829, -0.970373, -0.857313, -0.904962, -0.943284, -0.853822, -0.888262, -0.853822, -0.943284, -0.904962, -0.857313, -0.970373, -0.919829, -0.879311, -0.838744, -0.86581, -0.880493, -0.851839, -0.91609, -0.796643, -0.907021, -0.808048, -0.778585, 0.637191, 
m_0-- seq1:
23.3066, 13.327, 9.18423, 6.19725, 3.82083, 1.79538, 0.0360483, -1.18524, -2.02062, -2.5812, -2.66038, -2.3234, -1.78996, -0.97296, -0.128451, 0.739871, 1.43699, 1.93046, 2.08256, 1.93046, 1.43699, 0.739871, -0.128451, -0.97296, -1.78996, -2.3234, -2.66038, -2.5812, -2.02062, -1.18524, 0.0360483, 1.79538, 3.82083, 6.19725, 9.18423, 13.327, 
wilson seq1:
24.497, 2.15391, 0.779667, 0.370652, 0.200029, 0.176657, 0.0756898, 0.128843, -0.00244702, -0.0106063, -0.0142036, -0.0731635, 0.029025, 0.0574759, -0.0449926, -0.047847, -0.0551906, 0.0655381, 0.0455525, 0.0655381, -0.0551906, -0.047847, -0.0449926, 0.0574759, 0.029025, -0.0731635, -0.0142036, -0.0106063, -0.00244702, 0.128843, 0.0756898, 0.176657, 0.200029, 0.370652, 0.779667, 2.15391, 
Plaqavg:
0.829631
m_0++ seq2:
27.6822, 0.779247, -0.648774, -0.784784, -0.891384, -0.897647, -0.962602, -1.06205, -0.879451, -0.758206, -1.00687, -0.932257, -0.73604, -0.886694, -0.912363, -0.894186, -0.883107, -0.946342, -1.07519, -0.946342, -0.883107, -0.894186, -0.912363, -0.886694, -0.73604, -0.932257, -1.00687, -0.758206, -0.879451, -1.06205, -0.962602, -0.897647, -0.891384, -0.784784, -0.648774, 0.779247, 
m_0-- seq2:
34.785, 24.3884, 19.482, 15.5036, 12.4461, 10.0887, 8.01418, 6.09567, 4.75229, 3.61114, 2.55859, 1.58521, 0.665232, -0.17077, -0.767376, -1.2568, -1.57048, -1.81767, -1.81936, -1.81767, -1.57048, -1.2568, -0.767376, -0.17077, 0.665232, 1.58521, 2.55859, 3.61114, 4.75229, 6.09567, 8.01418, 10.0887, 12.4461, 15.5036, 19.482, 24.3884, 
wilson seq2:
24.2223, 1.9611, 0.670089, 0.323577, 0.100144, 0.057288, -0.0280812, 0.0389386, 0.0217213, -0.0367379, 0.0243621, 0.0563507, -0.0129467, 0.0123946, 0.0171, -0.0352639, -0.0657416, 0.00169223, -0.0296131, 0.00169223, -0.0657416, -0.0352639, 0.0171, 0.0123946, -0.0129467, 0.0563507, 0.0243621, -0.0367379, 0.0217213, 0.0389386, -0.0280812, 0.057288, 0.100144, 0.323577, 0.670089, 1.9611, 
Plaqavg:
0.829485
m_0++ seq3:
27.5103, 0.717579, -0.737359, -0.787984, -0.964975, -0.909135, -0.833469, -0.877048, -0.933514, -0.876535, -0.827132, -0.9944, -0.953872, -0.885116, -0.800975, -0.856904, -0.86385, -0.908806, -0.923333, -0.908806, -0.86385, -0.856904, -0.800975, -0.885116, -0.953872, -0.9944, -0.827132, -0.876535, -0.933514, -0.877048, -0.833469, -0.909135, -0.964975, -0.787984, -0.737359, 0.717579, 
m_0-- seq3:
32.944, 22.9374, 18.9323, 15.9445, 13.4302, 11.3287, 9.41075, 7.89499, 6.89773, 6.05637, 5.27307, 4.79977, 4.56659, 4.46848, 4.62631, 4.82474, 5.01548, 5.11321, 5.09316, 5.11321, 5.01548, 4.82474, 4.62631, 4.46848, 4.56659, 4.79977, 5.27307, 6.05637, 6.89773, 7.89499, 9.41075, 11.3287, 13.4302, 15.9445, 18.9323, 22.9374, 
wilson seq3:
24.4242, 2.00931, 0.68503, 0.341427, 0.121474, 0.079188, -0.00186142, 0.0133283, 0.0145734, 0.0181498, 0.0302474, 0.030651, 0.0775258, 0.0471052, -0.0655152, -0.0509482, -0.0824477, -0.0258273, 0.00509955, -0.0258273, -0.0824477, -0.0509482, -0.0655152, 0.0471052, 0.0775258, 0.030651, 0.0302474, 0.0181498, 0.0145734, 0.0133283, -0.00186142, 0.079188, 0.121474, 0.341427, 0.68503, 2.00931, 
Plaqavg:
0.82958
m_0++ seq4:
27.4308, 0.65936, -0.622711, -0.737057, -0.867231, -0.918268, -0.934234, -0.838162, -1.03624, -0.854743, -0.754039, -0.946678, -0.888643, -0.932725, -0.946523, -0.907007, -0.870647, -0.914677, -0.810384, -0.914677, -0.870647, -0.907007, -0.946523, -0.932725, -0.888643, -0.946678, -0.754039, -0.854743, -1.03624, -0.838162, -0.934234, -0.918268, -0.867231, -0.737057, -0.622711, 0.65936, 
m_0-- seq4:
28.0537, 17.7298, 13.5311, 10.5524, 8.39373, 6.7926, 5.59765, 4.60131, 3.69064, 2.89289, 2.2762, 1.71555, 1.17033, 0.571439, 0.05229, -0.552217, -1.0273, -1.35152, -1.46145, -1.35152, -1.0273, -0.552217, 0.05229, 0.571439, 1.17033, 1.71555, 2.2762, 2.89289, 3.69064, 4.60131, 5.59765, 6.7926, 8.39373, 10.5524, 13.5311, 17.7298, 
wilson seq4:
24.4502, 2.12934, 0.609284, 0.317568, 0.193949, 0.0206757, 0.0369377, 0.00570443, -0.0376488, -0.0442226, -0.0440886, -0.0216596, -0.0449565, 0.0406995, 0.0237875, -0.0304476, 0.00643295, 0.0672477, 0.0542632, 0.0672477, 0.00643295, -0.0304476, 0.0237875, 0.0406995, -0.0449565, -0.0216596, -0.0440886, -0.0442226, -0.0376488, 0.00570443, 0.0369377, 0.0206757, 0.193949, 0.317568, 0.609284, 2.12934, 
Plaqavg:
0.829552
m_0++ seq5:
27.6696, 0.754021, -0.62317, -0.893521, -0.883745, -0.684318, -0.83255, -0.826391, -0.799065, -0.879552, -0.960345, -1.04939, -1.03196, -0.921758, -0.952617, -0.925655, -0.887578, -0.935901, -1.0026, -0.935901, -0.887578, -0.925655, -0.952617, -0.921758, -1.03196, -1.04939, -0.960345, -0.879552, -0.799065, -0.826391, -0.83255, -0.684318, -0.883745, -0.893521, -0.62317, 0.754021, 
m_0-- seq5:
27.19, 16.4112, 11.9048, 8.55238, 5.88539, 3.75134, 2.03945, 0.925127, 0.228487, -0.0122105, -0.0236976, 0.0180139, 0.148295, 0.140681, 0.0995112, 0.0449061, -0.105926, -0.256769, -0.291093, -0.256769, -0.105926, 0.0449061, 0.0995112, 0.140681, 0.148295, 0.0180139, -0.0236976, -0.0122105, 0.228487, 0.925127, 2.03945, 3.75134, 5.88539, 8.55238, 11.9048, 16.4112, 
wilson seq5:
24.3016, 1.95364, 0.610152, 0.231959, 0.147983, -0.000236152, -0.00831591, 0.0562998, 0.0792112, 0.0107591, 0.0747267, 0.0483519, 0.00335561, 0.0573254, 0.0536459, 0.0632195, 0.0842459, 0.0291629, 0.0386543, 0.0291629, 0.0842459, 0.0632195, 0.0536459, 0.0573254, 0.00335561, 0.0483519, 0.0747267, 0.0107591, 0.0792112, 0.0562998, -0.00831591, -0.000236152, 0.147983, 0.231959, 0.610152, 1.95364, 
Plaqavg:
0.829276