Equilibriated:794
m_0++ seq0:
50.6359, 1.54767, -1.34604, -1.42889, -1.54516, -1.39796, -1.57939, -1.49969, -1.4106, -1.18897, -1.44156, -1.46797, -1.3471, -1.3658, -1.44938, -1.62285, -1.57291, -1.30727, -1.47331, -1.60855, -1.62448, -1.60855, -1.47331, -1.30727, -1.57291, -1.62285, -1.44938, -1.3658, -1.3471, -1.46797, -1.44156, -1.18897, -1.4106, -1.49969, -1.57939, -1.39796, -1.54516, -1.42889, -1.34604, 1.54767, 
m_0-- seq0:
57.7871, 32.9946, 21.9365, 14.4063, 9.36278, 5.74728, 2.96849, 1.02857, -0.325381, -1.13633, -1.64006, -1.9216, -1.9918, -1.95772, -1.64291, -1.18847, -1.31359, -1.24358, -1.20932, -0.726706, -0.264175, -0.726706, -1.20932, -1.24358, -1.31359, -1.18847, -1.64291, -1.95772, -1.9918, -1.9216, -1.64006, -1.13633, -0.325381, 1.02857, 2.96849, 5.74728, 9.36278, 14.4063, 21.9365, 32.9946, 
wilson seq0:
28.82, 0.628386, 0.103791, -0.0533657, -0.0273387, 0.0410414, 0.0360454, -0.00303573, 0.0846529, -0.0545125, -0.0586981, -0.0280912, 0.00930099, -0.0426824, 0.0325513, 0.0200964, -0.00290023, 0.0694614, 0.0566014, 0.0631818, -0.0230389, 0.0631818, 0.0566014, 0.0694614, -0.00290023, 0.0200964, 0.0325513, -0.0426824, 0.00930099, -0.0280912, -0.0586981, -0.0545125, 0.0846529, -0.00303573, 0.0360454, 0.0410414, -0.0273387, -0.0533657, 0.103791, 0.628386, 
Plaqavg:
0.818738
m_0++ seq1:
51.0317, 1.57903, -1.2061, -1.44839, -1.55266, -1.60478, -1.50118, -1.53914, -1.43128, -1.43078, -1.47798, -1.45434, -1.46038, -1.51462, -1.57564, -1.54614, -1.34927, -1.26747, -1.43823, -1.50069, -1.59159, -1.50069, -1.43823, -1.26747, -1.34927, -1.54614, -1.57564, -1.51462, -1.46038, -1.45434, -1.47798, -1.43078, -1.43128, -1.53914, -1.50118, -1.60478, -1.55266, -1.44839, -1.2061, 1.57903, 
m_0-- seq1:
59.177, 34.7223, 23.8149, 16.4388, 11.3139, 8.12298, 6.27921, 5.20904, 4.55588, 4.32633, 4.48783, 4.48082, 4.10549, 3.49343, 2.92327, 2.5043, 1.89412, 1.87396, 2.39869, 2.63445, 2.61321, 2.63445, 2.39869, 1.87396, 1.89412, 2.5043, 2.92327, 3.49343, 4.10549, 4.48082, 4.48783, 4.32633, 4.55588, 5.20904, 6.27921, 8.12298, 11.3139, 16.4388, 23.8149, 34.7223, 
wilson seq1:
28.8314, 0.621287, 0.11772, 0.0389823, 0.0246475, 0.00167338, -0.00160516, 0.011642, 0.00748942, -0.0543743, -0.0353513, 0.00172293, -0.0185118, -0.0324693, 0.0690693, -0.0190719, -0.0101262, 0.0228001, 0.00797945, 0.0610359, -0.0456026, 0.0610359, 0.00797945, 0.0228001, -0.0101262, -0.0190719, 0.0690693, -0.0324693, -0.0185118, 0.00172293, -0.0353513, -0.0543743, 0.00748942, 0.011642, -0.00160516, 0.00167338, 0.0246475, 0.0389823, 0.11772, 0.621287, 
Plaqavg:
0.818693
m_0++ seq2:
50.7096, 1.81528, -1.08629, -1.57295, -1.64893, -1.38075, -1.45641, -1.596, -1.47208, -1.50523, -1.60167, -1.44247, -1.46097, -1.48857, -1.48005, -1.40481, -1.32371, -1.57873, -1.5264, -1.36392, -1.56029, -1.36392, -1.5264, -1.57873, -1.32371, -1.40481, -1.48005, -1.48857, -1.46097, -1.44247, -1.60167, -1.50523, -1.47208, -1.596, -1.45641, -1.38075, -1.64893, -1.57295, -1.08629, 1.81528, 
m_0-- seq2:
54.6031, 31.337, 21.5056, 15.3806, 11.6365, 9.11128, 7.5525, 6.55455, 5.93292, 5.24779, 4.3983, 3.73791, 3.12643, 2.42724, 1.2251, 0.0381469, -0.795023, -0.957129, -0.654917, -0.63717, -0.96394, -0.63717, -0.654917, -0.957129, -0.795023, 0.0381469, 1.2251, 2.42724, 3.12643, 3.73791, 4.3983, 5.24779, 5.93292, 6.55455, 7.5525, 9.11128, 11.6365, 15.3806, 21.5056, 31.337, 
wilson seq2:
28.7503, 0.59358, 0.153452, -0.00315398, -0.00741082, -0.0347601, -0.00180221, 0.087297, 0.0151592, 0.0211427, -0.0150564, 0.0455169, -0.0925315, -0.0272765, -0.0292842, -0.0424702, -0.0510271, 0.0174201, -0.0092661, -0.0172494, 0.0801542, -0.0172494, -0.0092661, 0.0174201, -0.0510271, -0.0424702, -0.0292842, -0.0272765, -0.0925315, 0.0455169, -0.0150564, 0.0211427, 0.0151592, 0.087297, -0.00180221, -0.0347601, -0.00741082, -0.00315398, 0.153452, 0.59358, 
Plaqavg:
0.818866
m_0++ seq3:
51.0709, 1.72974, -0.910663, -1.39727, -1.55519, -1.53373, -1.32477, -1.37356, -1.36079, -1.50667, -1.44148, -1.59063, -1.63225, -1.48652, -1.53257, -1.41413, -1.4277, -1.46574, -1.64471, -1.75881, -1.81599, -1.75881, -1.64471, -1.46574, -1.4277, -1.41413, -1.53257, -1.48652, -1.63225, -1.59063, -1.44148, -1.50667, -1.36079, -1.37356, -1.32477, -1.53373, -1.55519, -1.39727, -0.910663, 1.72974, 
m_0-- seq3:
64.1358, 39.7931, 29.1171, 22.1471, 17.6295, 14.3207, 11.8419, 9.83818, 8.09606, 6.55645, 5.0591, 3.62186, 2.26341, 1.50048, 0.446689, -0.828091, -1.77896, -3.06601, -4.31964, -5.02936, -5.29937, -5.02936, -4.31964, -3.06601, -1.77896, -0.828091, 0.446689, 1.50048, 2.26341, 3.62186, 5.0591, 6.55645, 8.09606, 9.83818, 11.8419, 14.3207, 17.6295, 22.1471, 29.1171, 39.7931, 
wilson seq3:
28.7093, 0.631643, 0.158406, 0.0339676, 0.0308491, 0.0380688, -0.028705, -0.0217781, -0.00891194, -0.0100414, 0.00588684, -0.0595751, -0.0102398, 0.0199393, 0.0188772, 0.0755922, 0.0756122, -0.0493334, -0.015052, -0.0263927, 0.0146049, -0.0263927, -0.015052, -0.0493334, 0.0756122, 0.0755922, 0.0188772, 0.0199393, -0.0102398, -0.0595751, 0.00588684, -0.0100414, -0.00891194, -0.0217781, -0.028705, 0.0380688, 0.0308491, 0.0339676, 0.158406, 0.631643, 
Plaqavg:
0.818631
m_0++ seq4:
50.6016, 1.68773, -0.992847, -1.36106, -1.63506, -1.12513, -1.36833, -1.49009, -1.27864, -1.56842, -1.63146, -1.79873, -1.63521, -1.56058, -1.75367, -1.39093, -1.41495, -1.4237, -1.40338, -1.50664, -1.29941, -1.50664, -1.40338, -1.4237, -1.41495, -1.39093, -1.75367, -1.56058, -1.63521, -1.79873, -1.63146, -1.56842, -1.27864, -1.49009, -1.36833, -1.12513, -1.63506, -1.36106, -0.992847, 1.68773, 
m_0-- seq4:
57.0404, 33.2451, 23.2888, 16.4603, 11.8457, 8.59722, 6.25998, 4.70977, 3.47048, 2.59655, 2.24987, 1.73422, 1.00369, -0.0863213, -1.0232, -1.71505, -2.33573, -2.36003, -2.27145, -2.74078, -2.88933, -2.74078, -2.27145, -2.36003, -2.33573, -1.71505, -1.0232, -0.0863213, 1.00369, 1.73422, 2.24987, 2.59655, 3.47048, 4.70977, 6.25998, 8.59722, 11.8457, 16.4603, 23.2888, 33.2451, 
wilson seq4:
28.825, 0.622574, 0.0725152, 0.0119975, -0.049471, -0.00834689, -0.0565138, 0.00368961, 0.0529923, 0.0766901, 0.0215059, 0.0335654, 0.0378672, 0.0317424, 0.035215, -0.0548325, 0.0177464, 0.00245403, 0.0726588, 0.0219531, -0.0348187, 0.0219531, 0.0726588, 0.00245403, 0.0177464, -0.0548325, 0.035215, 0.0317424, 0.0378672, 0.0335654, 0.0215059, 0.0766901, 0.0529923, 0.00368961, -0.0565138, -0.00834689, -0.049471, 0.0119975, 0.0725152, 0.622574, 
Plaqavg:
0.818794
m_0++ seq5:
50.593, 1.84023, -1.38491, -1.17323, -1.4042, -1.35923, -1.37986, -1.54199, -1.52753, -1.56902, -1.56215, -1.46088, -1.44357, -1.46368, -1.4669, -1.51718, -1.65427, -1.55147, -1.37425, -1.42904, -1.7467, -1.42904, -1.37425, -1.55147, -1.65427, -1.51718, -1.4669, -1.46368, -1.44357, -1.46088, -1.56215, -1.56902, -1.52753, -1.54199, -1.37986, -1.35923, -1.4042, -1.17323, -1.38491, 1.84023, 
m_0-- seq5:
64.9688, 40.3651, 29.21, 21.425, 15.8347, 11.9397, 9.13173, 7.1283, 5.75171, 4.63986, 3.49099, 1.78207, -0.439049, -2.55935, -4.20826, -5.60806, -6.8087, -7.81205, -8.29098, -7.99762, -7.78904, -7.99762, -8.29098, -7.81205, -6.8087, -5.60806, -4.20826, -2.55935, -0.439049, 1.78207, 3.49099, 4.63986, 5.75171, 7.1283, 9.13173, 11.9397, 15.8347, 21.425, 29.21, 40.3651, 
wilson seq5:
28.7567, 0.548757, 0.0917658, 0.0158024, 0.0370664, -0.00358473, -0.0161058, -0.0213774, -0.0774848, 0.0107568, -0.0235294, -0.0508283, 0.0278806, 0.0196981, 0.0755369, 0.0278341, -0.023117, -0.025435, -0.0469939, 0.00124447, -0.0741199, 0.00124447, -0.0469939, -0.025435, -0.023117, 0.0278341, 0.0755369, 0.0196981, 0.0278806, -0.0508283, -0.0235294, 0.0107568, -0.0774848, -0.0213774, -0.0161058, -0.00358473, 0.0370664, 0.0158024, 0.0917658, 0.548757, 
Plaqavg:
0.818615
m_0++ seq0:
50.9824, 1.95034, -1.07808, -1.28804, -1.47548, -1.51645, -1.46723, -1.45925, -1.64158, -1.7841, -1.76154, -1.55222, -1.64863, -1.57405, -1.32374, -1.29648, -1.30435, -1.54156, -1.54361, -1.45613, -1.45805, -1.45613, -1.54361, -1.54156, -1.30435, -1.29648, -1.32374, -1.57405, -1.64863, -1.55222, -1.76154, -1.7841, -1.64158, -1.45925, -1.46723, -1.51645, -1.47548, -1.28804, -1.07808, 1.95034, 
m_0-- seq0:
58.7699, 34.161, 23.4037, 16.429, 11.1383, 7.52761, 4.92112, 2.29118, 0.0593197, -1.18657, -1.53449, -1.43543, -1.47864, -1.27106, -0.978604, 0.214817, 1.23146, 2.30499, 3.12533, 3.66516, 3.75581, 3.66516, 3.12533, 2.30499, 1.23146, 0.214817, -0.978604, -1.27106, -1.47864, -1.43543, -1.53449, -1.18657, 0.0593197, 2.29118, 4.92112, 7.52761, 11.1383, 16.429, 23.4037, 34.161, 
wilson seq0:
28.8032, 0.589825, 0.0954464, 0.0448612, 0.0729293, 0.0388452, 0.125477, -0.0288665, -0.0106885, 0.0123947, 0.0970774, 0.0210861, -0.00119169, 0.0458489, 0.0209355, -0.00942418, 0.00556403, 0.0246794, 0.0143383, 0.0385994, -0.00101548, 0.0385994, 0.0143383, 0.0246794, 0.00556403, -0.00942418, 0.0209355, 0.0458489, -0.00119169, 0.0210861, 0.0970774, 0.0123947, -0.0106885, -0.0288665, 0.125477, 0.0388452, 0.0729293, 0.0448612, 0.0954464, 0.589825, 
Plaqavg:
0.818611
m_0++ seq1:
50.1178, 1.55676, -1.1249, -1.20246, -1.43932, -1.35834, -1.57046, -1.66653, -1.57876, -1.3325, -1.39435, -1.45087, -1.40644, -1.50418, -1.34453, -1.35796, -1.31767, -1.34271, -1.49157, -1.82547, -1.81327, -1.82547, -1.49157, -1.34271, -1.31767, -1.35796, -1.34453, -1.50418, -1.40644, -1.45087, -1.39435, -1.3325, -1.57876, -1.66653, -1.57046, -1.35834, -1.43932, -1.20246, -1.1249, 1.55676, 
m_0-- seq1:
62.3978, 38.6377, 28.268, 21.2628, 16.2675, 13.0093, 10.8048, 9.08927, 7.70528, 6.09063, 4.56091, 2.91342, 1.30079, -0.347165, -1.60572, -2.2398, -2.72312, -2.52652, -2.31914, -2.12597, -1.78452, -2.12597, -2.31914, -2.52652, -2.72312, -2.2398, -1.60572, -0.347165, 1.30079, 2.91342, 4.56091, 6.09063, 7.70528, 9.08927, 10.8048, 13.0093, 16.2675, 21.2628, 28.268, 38.6377, 
wilson seq1:
28.8176, 0.637677, 0.0674648, 0.0630549, 0.0565829, 0.00717922, -0.0639856, 0.0281075, 0.01765, -0.0393891, -0.00146442, 0.00348898, 0.0111256, 0.0447474, 0.0773377, -0.00510374, 0.021963, 0.0561154, 0.0133303, 0.0399831, 0.0912289, 0.0399831, 0.0133303, 0.0561154, 0.021963, -0.00510374, 0.0773377, 0.0447474, 0.0111256, 0.00348898, -0.00146442, -0.0393891, 0.01765, 0.0281075, -0.0639856, 0.00717922, 0.0565829, 0.0630549, 0.0674648, 0.637677, 
Plaqavg:
0.818816
m_0++ seq2:
50.9592, 1.73, -0.743224, -1.37926, -1.40333, -1.55902, -1.44907, -1.43127, -1.52863, -1.64796, -1.55125, -1.65159, -1.44637, -1.53297, -1.51026, -1.55433, -1.45609, -1.56806, -1.44374, -1.45447, -1.7975, -1.45447, -1.44374, -1.56806, -1.45609, -1.55433, -1.51026, -1.53297, -1.44637, -1.65159, -1.55125, -1.64796, -1.52863, -1.43127, -1.44907, -1.55902, -1.40333, -1.37926, -0.743224, 1.73, 
m_0-- seq2:
63.3373, 38.7424, 27.8755, 20.6818, 15.3986, 12.1846, 9.71999, 7.99435, 6.83369, 6.21978, 5.50593, 4.39234, 2.99603, 1.80181, 0.852907, 0.47984, 0.766253, 1.75715, 2.93162, 4.00477, 4.33774, 4.00477, 2.93162, 1.75715, 0.766253, 0.47984, 0.852907, 1.80181, 2.99603, 4.39234, 5.50593, 6.21978, 6.83369, 7.99435, 9.71999, 12.1846, 15.3986, 20.6818, 27.8755, 38.7424, 
wilson seq2:
28.7594, 0.587717, 0.114507, 0.056326, -0.000585517, 0.01569, -0.0376101, -0.00734452, 0.0825126, 0.0375166, -0.0310088, 0.0140345, 0.0216546, -0.0307562, -0.0343707, 0.0330946, 0.0597755, 0.00501969, -0.0899309, -0.00347334, -0.0292146, -0.00347334, -0.0899309, 0.00501969, 0.0597755, 0.0330946, -0.0343707, -0.0307562, 0.0216546, 0.0140345, -0.0310088, 0.0375166, 0.0825126, -0.00734452, -0.0376101, 0.01569, -0.000585517, 0.056326, 0.114507, 0.587717, 
Plaqavg:
0.818712
m_0++ seq3:
50.467, 1.56987, -1.17227, -1.40891, -1.38953, -1.56659, -1.58277, -1.60248, -1.47015, -1.4287, -1.40361, -1.72847, -1.36034, -1.43576, -1.58081, -1.3185, -1.38849, -1.31062, -1.47298, -1.44837, -1.46805, -1.44837, -1.47298, -1.31062, -1.38849, -1.3185, -1.58081, -1.43576, -1.36034, -1.72847, -1.40361, -1.4287, -1.47015, -1.60248, -1.58277, -1.56659, -1.38953, -1.40891, -1.17227, 1.56987, 
m_0-- seq3:
53.8726, 30.1431, 20.1056, 13.2018, 8.04489, 4.18957, 1.35859, -0.590989, -1.6703, -2.38255, -3.04058, -3.10661, -2.98804, -2.87077, -2.77126, -2.42461, -1.61806, -0.942536, -0.416392, -0.147259, -0.143181, -0.147259, -0.416392, -0.942536, -1.61806, -2.42461, -2.77126, -2.87077, -2.98804, -3.10661, -3.04058, -2.38255, -1.6703, -0.590989, 1.35859, 4.18957, 8.04489, 13.2018, 20.1056, 30.1431, 
wilson seq3:
28.7773, 0.523283, 0.118017, -0.0133886, -0.00281972, 0.0237237, 0.0107099, 0.0175221, -0.040048, -0.0448284, 0.00540578, 0.0408496, 0.0303929, 0.00909719, -0.0248172, 0.0139309, -0.0166784, -0.0527285, 0.0259603, 0.0481935, 0.0202343, 0.0481935, 0.0259603, -0.0527285, -0.0166784, 0.0139309, -0.0248172, 0.00909719, 0.0303929, 0.0408496, 0.00540578, -0.0448284, -0.040048, 0.0175221, 0.0107099, 0.0237237, -0.00281972, -0.0133886, 0.118017, 0.523283, 
Plaqavg:
0.818803
m_0++ seq4:
50.621, 1.86158, -1.12612, -1.69336, -1.41467, -1.4887, -1.60041, -1.49828, -1.28621, -1.50813, -1.51257, -1.50676, -1.66085, -1.44154, -1.46955, -1.49612, -1.56092, -1.34994, -1.36772, -1.44423, -1.49197, -1.44423, -1.36772, -1.34994, -1.56092, -1.49612, -1.46955, -1.44154, -1.66085, -1.50676, -1.51257, -1.50813, -1.28621, -1.49828, -1.60041, -1.4887, -1.41467, -1.69336, -1.12612, 1.86158, 
m_0-- seq4:
59.0293, 35.2091, 25.1157, 18.3315, 13.5803, 10.3414, 8.03448, 6.68609, 6.0754, 5.71471, 5.66315, 5.7395, 5.63408, 5.68709, 5.83341, 5.94704, 6.30875, 7.34287, 8.09692, 8.35701, 8.4174, 8.35701, 8.09692, 7.34287, 6.30875, 5.94704, 5.83341, 5.68709, 5.63408, 5.7395, 5.66315, 5.71471, 6.0754, 6.68609, 8.03448, 10.3414, 13.5803, 18.3315, 25.1157, 35.2091, 
wilson seq4:
28.786, 0.530893, 0.090739, 0.0165293, 0.014512, 0.0287772, 0.0478824, 0.0121773, 0.0294157, -0.00624466, -0.005378, 0.00556358, -0.00394736, 0.0311731, 0.0378721, -0.0409173, 0.00374649, -0.00843476, 0.00421934, 0.0598334, -0.0781155, 0.0598334, 0.00421934, -0.00843476, 0.00374649, -0.0409173, 0.0378721, 0.0311731, -0.00394736, 0.00556358, -0.005378, -0.00624466, 0.0294157, 0.0121773, 0.0478824, 0.0287772, 0.014512, 0.0165293, 0.090739, 0.530893, 
Plaqavg:
0.81886
m_0++ seq5:
50.3563, 1.6466, -1.03762, -1.54054, -1.45252, -1.56071, -1.08227, -1.42817, -1.43192, -1.54189, -1.67767, -1.27292, -1.37091, -1.50204, -1.45533, -1.57627, -1.37052, -1.60387, -1.50557, -1.57596, -1.67615, -1.57596, -1.50557, -1.60387, -1.37052, -1.57627, -1.45533, -1.50204, -1.37091, -1.27292, -1.67767, -1.54189, -1.43192, -1.42817, -1.08227, -1.56071, -1.45252, -1.54054, -1.03762, 1.6466, 
m_0-- seq5:
57.177, 33.0639, 22.3496, 15.0746, 10.1744, 7.04137, 4.31349, 2.53443, 2.14582, 2.15446, 1.93607, 1.76683, 2.17624, 2.80971, 3.16637, 3.27128, 2.87948, 2.36495, 1.9421, 1.57783, 1.52814, 1.57783, 1.9421, 2.36495, 2.87948, 3.27128, 3.16637, 2.80971, 2.17624, 1.76683, 1.93607, 2.15446, 2.14582, 2.53443, 4.31349, 7.04137, 10.1744, 15.0746, 22.3496, 33.0639, 
wilson seq5:
28.7863, 0.59862, 0.140163, -0.00480088, 0.0304208, -0.0362671, 0.0362016, -0.0245237, -0.0625517, -0.0558992, -0.0391383, -0.0217754, 0.0159551, -0.0126939, -0.0294484, 0.00899973, -0.0222014, -0.0055458, 0.0814194, 0.0115407, -0.0304598, 0.0115407, 0.0814194, -0.0055458, -0.0222014, 0.00899973, -0.0294484, -0.0126939, 0.0159551, -0.0217754, -0.0391383, -0.0558992, -0.0625517, -0.0245237, 0.0362016, -0.0362671, 0.0304208, -0.00480088, 0.140163, 0.59862, 
Plaqavg:
0.818768
m_0++ seq0:
50.7433, 1.96204, -0.959382, -1.25027, -1.3973, -1.44454, -1.40833, -1.3562, -1.55099, -1.54164, -1.56907, -1.39106, -1.55232, -1.4936, -1.47785, -1.68262, -1.61384, -1.66424, -1.66423, -1.59096, -1.45052, -1.59096, -1.66423, -1.66424, -1.61384, -1.68262, -1.47785, -1.4936, -1.55232, -1.39106, -1.56907, -1.54164, -1.55099, -1.3562, -1.40833, -1.44454, -1.3973, -1.25027, -0.959382, 1.96204, 
m_0-- seq0:
57.6522, 33.716, 22.6136, 14.875, 9.56045, 6.0145, 3.61212, 1.52265, -0.0315018, -1.11335, -1.69709, -1.67601, -1.05613, -0.0772074, 0.312601, 0.680436, 1.14336, 2.21252, 3.6882, 5.02681, 5.63833, 5.02681, 3.6882, 2.21252, 1.14336, 0.680436, 0.312601, -0.0772074, -1.05613, -1.67601, -1.69709, -1.11335, -0.0315018, 1.52265, 3.61212, 6.0145, 9.56045, 14.875, 22.6136, 33.716, 
wilson seq0:
28.7707, 0.638363, 0.0975944, 0.051867, 0.0256748, 0.028793, -0.00158718, -0.0148446, -0.0229817, 0.00908127, 0.00087367, -0.0517557, 0.0472281, -0.0110894, 0.0329076, -0.0877482, 0.0499374, -0.0100351, -0.007374, -0.0346655, 0.00984127, -0.0346655, -0.007374, -0.0100351, 0.0499374, -0.0877482, 0.0329076, -0.0110894, 0.0472281, -0.0517557, 0.00087367, 0.00908127, -0.0229817, -0.0148446, -0.00158718, 0.028793, 0.0256748, 0.051867, 0.0975944, 0.638363, 
Plaqavg:
0.818855
m_0++ seq1:
50.9203, 1.71066, -1.15116, -1.42779, -1.36316, -1.41623, -1.54046, -1.55304, -1.5424, -1.55204, -1.54284, -1.66146, -1.53714, -1.4235, -1.4703, -1.3274, -1.45729, -1.41743, -1.62386, -1.41481, -1.49699, -1.41481, -1.62386, -1.41743, -1.45729, -1.3274, -1.4703, -1.4235, -1.53714, -1.66146, -1.54284, -1.55204, -1.5424, -1.55304, -1.54046, -1.41623, -1.36316, -1.42779, -1.15116, 1.71066, 
m_0-- seq1:
67.2437, 42.1937, 30.562, 22.7764, 17.0311, 12.7298, 9.54867, 7.3853, 6.29085, 5.79372, 5.25253, 5.38702, 5.64461, 5.77783, 6.28756, 6.83171, 7.63924, 8.78902, 10.088, 11.2534, 11.8128, 11.2534, 10.088, 8.78902, 7.63924, 6.83171, 6.28756, 5.77783, 5.64461, 5.38702, 5.25253, 5.79372, 6.29085, 7.3853, 9.54867, 12.7298, 17.0311, 22.7764, 30.562, 42.1937, 
wilson seq1:
28.7786, 0.498985, 0.106103, -0.0054578, -0.0054274, 0.0560456, -0.00591231, 0.0405142, 0.0489108, 0.0195632, -0.0344667, -0.0401634, 0.000123412, -0.0056098, 0.0231765, 0.00143169, 0.0116051, -0.0083396, 0.0299587, -0.02674, -0.0763906, -0.02674, 0.0299587, -0.0083396, 0.0116051, 0.00143169, 0.0231765, -0.0056098, 0.000123412, -0.0401634, -0.0344667, 0.0195632, 0.0489108, 0.0405142, -0.00591231, 0.0560456, -0.0054274, -0.0054578, 0.106103, 0.498985, 
Plaqavg:
0.818546
m_0++ seq2:
50.8591, 1.70869, -1.10519, -1.27395, -1.49213, -1.27902, -1.59736, -1.66739, -1.51114, -1.56694, -1.468, -1.32269, -1.61273, -1.41742, -1.60993, -1.47897, -1.5331, -1.50803, -1.44521, -1.64653, -1.20498, -1.64653, -1.44521, -1.50803, -1.5331, -1.47897, -1.60993, -1.41742, -1.61273, -1.32269, -1.468, -1.56694, -1.51114, -1.66739, -1.59736, -1.27902, -1.49213, -1.27395, -1.10519, 1.70869, 
m_0-- seq2:
57.8463, 33.4188, 22.181, 14.2053, 8.40049, 4.67725, 2.36744, 0.848208, 0.00719694, 0.0752044, 0.168957, 0.309437, 0.632716, 0.784964, 0.517556, 0.128422, -0.27652, -0.912438, -1.2909, -1.44804, -1.6237, -1.44804, -1.2909, -0.912438, -0.27652, 0.128422, 0.517556, 0.784964, 0.632716, 0.309437, 0.168957, 0.0752044, 0.00719694, 0.848208, 2.36744, 4.67725, 8.40049, 14.2053, 22.181, 33.4188, 
wilson seq2:
28.7561, 0.539913, 0.0370849, 0.0273481, 0.0427265, 0.0097667, 0.0293753, -0.0659093, 0.025144, -0.0509036, 0.0113384, -0.0949381, 0.0459606, 0.0242464, -0.00931739, 0.00496123, -0.0268961, 0.0392916, -0.0202692, 0.041053, -0.00195781, 0.041053, -0.0202692, 0.0392916, -0.0268961, 0.00496123, -0.00931739, 0.0242464, 0.0459606, -0.0949381, 0.0113384, -0.0509036, 0.025144, -0.0659093, 0.0293753, 0.0097667, 0.0427265, 0.0273481, 0.0370849, 0.539913, 
Plaqavg:
0.818651
m_0++ seq3:
50.8529, 1.65156, -1.10603, -1.39159, -1.34869, -1.36581, -1.67202, -1.36753, -1.53052, -1.42636, -1.57848, -1.4828, -1.57677, -1.52443, -1.56219, -1.45966, -1.35547, -1.64183, -1.57597, -1.41114, -1.4014, -1.41114, -1.57597, -1.64183, -1.35547, -1.45966, -1.56219, -1.52443, -1.57677, -1.4828, -1.57848, -1.42636, -1.53052, -1.36753, -1.67202, -1.36581, -1.34869, -1.39159, -1.10603, 1.65156, 
m_0-- seq3:
59.6098, 34.9236, 23.5868, 15.9522, 10.9902, 7.62984, 5.04023, 3.47339, 2.10424, 0.647446, -0.900875, -2.54293, -4.25722, -5.1329, -5.09906, -5.01246, -4.83462, -4.62116, -4.43935, -4.40881, -4.34605, -4.40881, -4.43935, -4.62116, -4.83462, -5.01246, -5.09906, -5.1329, -4.25722, -2.54293, -0.900875, 0.647446, 2.10424, 3.47339, 5.04023, 7.62984, 10.9902, 15.9522, 23.5868, 34.9236, 
wilson seq3:
28.7461, 0.52077, 0.114116, 0.0356273, 0.0257293, 0.0288715, 0.0306682, 0.0194594, 0.0164822, 0.0178299, 0.0356766, 0.00117069, -0.0293479, 0.0517606, 0.0253964, -0.0431482, -0.0559271, -0.0203746, -0.013596, -0.0106882, -0.0562634, -0.0106882, -0.013596, -0.0203746, -0.0559271, -0.0431482, 0.0253964, 0.0517606, -0.0293479, 0.00117069, 0.0356766, 0.0178299, 0.0164822, 0.0194594, 0.0306682, 0.0288715, 0.0257293, 0.0356273, 0.114116, 0.52077, 
Plaqavg:
0.818652
m_0++ seq4:
50.6694, 1.55104, -1.13306, -1.24538, -1.23731, -1.49036, -1.77696, -1.47421, -1.48737, -1.62258, -1.68261, -1.39669, -1.43415, -1.61739, -1.42924, -1.47336, -1.26875, -1.52384, -1.35215, -1.49958, -1.48151, -1.49958, -1.35215, -1.52384, -1.26875, -1.47336, -1.42924, -1.61739, -1.43415, -1.39669, -1.68261, -1.62258, -1.48737, -1.47421, -1.77696, -1.49036, -1.23731, -1.24538, -1.13306, 1.55104, 
m_0-- seq4:
62.8565, 38.588, 27.4153, 19.5262, 14.1171, 9.66996, 5.80451, 2.27115, -0.598295, -3.46144, -5.47569, -6.64224, -6.92677, -6.68876, -6.12938, -5.58684, -5.03714, -4.54847, -3.93153, -3.6007, -3.35392, -3.6007, -3.93153, -4.54847, -5.03714, -5.58684, -6.12938, -6.68876, -6.92677, -6.64224, -5.47569, -3.46144, -0.598295, 2.27115, 5.80451, 9.66996, 14.1171, 19.5262, 27.4153, 38.588, 
wilson seq4:
28.7958, 0.654761, 0.0913984, -0.0132925, -0.0983964, -0.029934, -0.00508894, 0.0641601, -0.0223155, 0.0392476, 0.00254392, -0.00124242, 0.00429458, -0.0370609, 0.00988589, 0.0049322, -0.030389, -0.00991852, -0.0069259, -0.000668903, -0.00905852, -0.000668903, -0.0069259, -0.00991852, -0.030389, 0.0049322, 0.00988589, -0.0370609, 0.00429458, -0.00124242, 0.00254392, 0.0392476, -0.0223155, 0.0641601, -0.00508894, -0.029934, -0.0983964, -0.0132925, 0.0913984, 0.654761, 
Plaqavg:
0.818847
m_0++ seq5:
50.6406, 1.79152, -0.887087, -1.463, -1.47703, -1.39345, -1.56926, -1.33293, -1.35295, -1.34338, -1.49391, -1.49571, -1.66445, -1.45737, -1.58951, -1.53495, -1.58274, -1.67388, -1.64086, -1.37013, -1.5784, -1.37013, -1.64086, -1.67388, -1.58274, -1.53495, -1.58951, -1.45737, -1.66445, -1.49571, -1.49391, -1.34338, -1.35295, -1.33293, -1.56926, -1.39345, -1.47703, -1.463, -0.887087, 1.79152, 
m_0-- seq5:
63.7893, 39.693, 28.0972, 19.5655, 13.9886, 10.2718, 7.84015, 5.91271, 4.26759, 3.04764, 2.88251, 3.38365, 4.0524, 4.91403, 5.94727, 7.11122, 8.44261, 9.79778, 9.98904, 9.79626, 9.62441, 9.79626, 9.98904, 9.79778, 8.44261, 7.11122, 5.94727, 4.91403, 4.0524, 3.38365, 2.88251, 3.04764, 4.26759, 5.91271, 7.84015, 10.2718, 13.9886, 19.5655, 28.0972, 39.693, 
wilson seq5:
28.8242, 0.625686, 0.106139, 0.0649534, 0.00291146, -0.0102121, -0.0104555, 0.00251902, -0.0246663, -0.0245307, -0.00151215, 0.030692, 0.0376497, 0.0354821, -0.0490654, 0.00620957, -0.01713, 0.0999495, -0.0201972, -0.0230366, -0.020531, -0.0230366, -0.0201972, 0.0999495, -0.01713, 0.00620957, -0.0490654, 0.0354821, 0.0376497, 0.030692, -0.00151215, -0.0245307, -0.0246663, 0.00251902, -0.0104555, -0.0102121, 0.00291146, 0.0649534, 0.106139, 0.625686, 
Plaqavg:
0.818778
m_0++ seq0:
50.7381, 1.58808, -1.23299, -1.22135, -1.18111, -1.5109, -1.3909, -1.67828, -1.63436, -1.59317, -1.53746, -1.42651, -1.47173, -1.60619, -1.39509, -1.43697, -1.50733, -1.4838, -1.39888, -1.5182, -1.46383, -1.5182, -1.39888, -1.4838, -1.50733, -1.43697, -1.39509, -1.60619, -1.47173, -1.42651, -1.53746, -1.59317, -1.63436, -1.67828, -1.3909, -1.5109, -1.18111, -1.22135, -1.23299, 1.58808, 
m_0-- seq0:
56.8275, 33.7147, 23.8171, 17.0563, 12.2457, 8.70933, 6.00438, 3.80535, 2.43193, 1.4288, 0.688417, 0.460211, 0.3764, 0.320761, 0.382175, 0.299686, 0.126033, 0.0958028, 0.337006, 0.696153, 0.954973, 0.696153, 0.337006, 0.0958028, 0.126033, 0.299686, 0.382175, 0.320761, 0.3764, 0.460211, 0.688417, 1.4288, 2.43193, 3.80535, 6.00438, 8.70933, 12.2457, 17.0563, 23.8171, 33.7147, 
wilson seq0:
28.8015, 0.665974, 0.0915879, 0.0673102, 0.00330548, 0.014709, -0.000236775, 0.0373997, -0.000219397, 0.0130547, 0.00266513, 0.00484796, 0.0158732, -0.0705309, -0.0113628, -0.00752248, -0.0146699, 0.015999, 0.00093409, 0.00844085, -0.0100691, 0.00844085, 0.00093409, 0.015999, -0.0146699, -0.00752248, -0.0113628, -0.0705309, 0.0158732, 0.00484796, 0.00266513, 0.0130547, -0.000219397, 0.0373997, -0.000236775, 0.014709, 0.00330548, 0.0673102, 0.0915879, 0.665974, 
Plaqavg:
0.818956
m_0++ seq1:
50.8459, 1.6638, -1.06024, -1.44291, -1.46348, -1.48602, -1.50361, -1.62891, -1.43999, -1.24976, -1.54688, -1.54568, -1.65117, -1.62289, -1.57225, -1.42029, -1.29581, -1.52409, -1.50566, -1.43548, -1.38331, -1.43548, -1.50566, -1.52409, -1.29581, -1.42029, -1.57225, -1.62289, -1.65117, -1.54568, -1.54688, -1.24976, -1.43999, -1.62891, -1.50361, -1.48602, -1.46348, -1.44291, -1.06024, 1.6638, 
m_0-- seq1:
57.8068, 33.9068, 23.8926, 16.8035, 11.7967, 8.15891, 5.53826, 4.01013, 3.0844, 2.56459, 2.3681, 1.98037, 1.67669, 1.19915, 0.987224, 1.00838, 1.54778, 1.99091, 2.61421, 3.16107, 3.62206, 3.16107, 2.61421, 1.99091, 1.54778, 1.00838, 0.987224, 1.19915, 1.67669, 1.98037, 2.3681, 2.56459, 3.0844, 4.01013, 5.53826, 8.15891, 11.7967, 16.8035, 23.8926, 33.9068, 
wilson seq1:
28.694, 0.600701, 0.100159, -0.0507297, 0.0500893, -0.019926, -0.054336, -0.0137465, 0.00777217, -0.0238342, -0.0560694, -0.0282234, 0.0749834, 0.00252481, 0.0730832, -0.0220335, -0.021646, 0.0244033, -0.0941915, 0.0418697, 0.0121867, 0.0418697, -0.0941915, 0.0244033, -0.021646, -0.0220335, 0.0730832, 0.00252481, 0.0749834, -0.0282234, -0.0560694, -0.0238342, 0.00777217, -0.0137465, -0.054336, -0.019926, 0.0500893, -0.0507297, 0.100159, 0.600701, 
Plaqavg:
0.818777
m_0++ seq2:
50.8314, 1.66335, -1.07953, -1.23044, -1.4675, -1.46364, -1.57806, -1.62221, -1.44264, -1.45067, -1.43924, -1.47301, -1.37193, -1.5664, -1.59817, -1.48299, -1.48017, -1.39987, -1.43549, -1.58238, -1.82942, -1.58238, -1.43549, -1.39987, -1.48017, -1.48299, -1.59817, -1.5664, -1.37193, -1.47301, -1.43924, -1.45067, -1.44264, -1.62221, -1.57806, -1.46364, -1.4675, -1.23044, -1.07953, 1.66335, 
m_0-- seq2:
53.1505, 29.5001, 19.6268, 13.105, 8.7048, 5.52589, 3.41678, 2.12143, 1.40825, 1.03679, 0.73335, 0.373815, 0.332761, 0.0936744, -0.223417, -0.392185, -0.792262, -1.16133, -1.85037, -2.07756, -2.26441, -2.07756, -1.85037, -1.16133, -0.792262, -0.392185, -0.223417, 0.0936744, 0.332761, 0.373815, 0.73335, 1.03679, 1.40825, 2.12143, 3.41678, 5.52589, 8.7048, 13.105, 19.6268, 29.5001, 
wilson seq2:
28.8361, 0.656556, 0.140601, 0.0315646, 0.0105874, -0.0537956, -0.0330624, -0.0346879, 0.0233445, 0.0106014, -0.0224499, -0.046185, 0.0160609, 0.0106854, 0.0433361, -0.00520221, -0.0204707, 0.0138333, 0.0680248, -0.0380146, 0.0350712, -0.0380146, 0.0680248, 0.0138333, -0.0204707, -0.00520221, 0.0433361, 0.0106854, 0.0160609, -0.046185, -0.0224499, 0.0106014, 0.0233445, -0.0346879, -0.0330624, -0.0537956, 0.0105874, 0.0315646, 0.140601, 0.656556, 
Plaqavg:
0.81881
m_0++ seq3:
50.8013, 1.81374, -0.841343, -1.27738, -1.5833, -1.52186, -1.59289, -1.66153, -1.7076, -1.71854, -1.52247, -1.50054, -1.4869, -1.45162, -1.38827, -1.40301, -1.32275, -1.57115, -1.50736, -1.43877, -1.43419, -1.43877, -1.50736, -1.57115, -1.32275, -1.40301, -1.38827, -1.45162, -1.4869, -1.50054, -1.52247, -1.71854, -1.7076, -1.66153, -1.59289, -1.52186, -1.5833, -1.27738, -0.841343, 1.81374, 
m_0-- seq3:
69.2803, 43.8575, 31.3152, 22.4171, 15.6929, 10.697, 7.01658, 4.29434, 2.25698, 0.449798, -1.151, -2.82975, -4.34183, -5.53007, -5.84337, -5.71104, -5.42178, -5.29795, -5.40012, -5.45659, -5.39313, -5.45659, -5.40012, -5.29795, -5.42178, -5.71104, -5.84337, -5.53007, -4.34183, -2.82975, -1.151, 0.449798, 2.25698, 4.29434, 7.01658, 10.697, 15.6929, 22.4171, 31.3152, 43.8575, 
wilson seq3:
28.7703, 0.552121, 0.132585, 0.0597175, -0.0170447, 0.0374254, -0.0343776, -0.00229365, 0.128221, -0.0455169, 0.0125706, 0.0277077, -0.0457485, 0.00391378, -0.00594676, 0.0305833, -0.0615732, -0.0210905, 0.0236006, -0.0613079, -0.0239745, -0.0613079, 0.0236006, -0.0210905, -0.0615732, 0.0305833, -0.00594676, 0.00391378, -0.0457485, 0.0277077, 0.0125706, -0.0455169, 0.128221, -0.00229365, -0.0343776, 0.0374254, -0.0170447, 0.0597175, 0.132585, 0.552121, 
Plaqavg:
0.818588
m_0++ seq4:
50.5914, 1.6652, -1.00354, -1.52744, -1.44316, -1.39162, -1.32036, -1.49857, -1.58825, -1.57721, -1.36147, -1.47896, -1.62401, -1.50494, -1.40091, -1.56219, -1.54416, -1.43002, -1.57443, -1.49989, -1.25953, -1.49989, -1.57443, -1.43002, -1.54416, -1.56219, -1.40091, -1.50494, -1.62401, -1.47896, -1.36147, -1.57721, -1.58825, -1.49857, -1.32036, -1.39162, -1.44316, -1.52744, -1.00354, 1.6652, 
m_0-- seq4:
65.9125, 42.1686, 31.5783, 24.2474, 18.8006, 14.6304, 11.1177, 7.81422, 4.86478, 2.34963, 0.5064, -0.973816, -2.28285, -2.92937, -3.12063, -2.86042, -2.56933, -2.28103, -2.00651, -1.82037, -1.63806, -1.82037, -2.00651, -2.28103, -2.56933, -2.86042, -3.12063, -2.92937, -2.28285, -0.973816, 0.5064, 2.34963, 4.86478, 7.81422, 11.1177, 14.6304, 18.8006, 24.2474, 31.5783, 42.1686, 
wilson seq4:
28.779, 0.635197, 0.0502383, 0.0670948, -0.0183321, 0.0656284, 0.0304368, -0.0167804, -0.0210735, -0.0214896, 0.0613483, -0.0106399, 0.0335136, -0.0658017, 0.0246172, 0.0616042, -0.0157656, 0.0411299, -0.00553664, 0.0585978, 0.0328339, 0.0585978, -0.00553664, 0.0411299, -0.0157656, 0.0616042, 0.0246172, -0.0658017, 0.0335136, -0.0106399, 0.0613483, -0.0214896, -0.0210735, -0.0167804, 0.0304368, 0.0656284, -0.0183321, 0.0670948, 0.0502383, 0.635197, 
Plaqavg:
0.818863
m_0++ seq5:
50.8183, 1.84812, -0.994289, -1.36643, -1.55704, -1.40751, -1.36883, -1.52253, -1.4462, -1.60428, -1.53376, -1.48771, -1.54823, -1.53998, -1.53284, -1.3803, -1.35307, -1.67809, -1.59584, -1.61419, -1.45227, -1.61419, -1.59584, -1.67809, -1.35307, -1.3803, -1.53284, -1.53998, -1.54823, -1.48771, -1.53376, -1.60428, -1.4462, -1.52253, -1.36883, -1.40751, -1.55704, -1.36643, -0.994289, 1.84812, 
m_0-- seq5:
71.1428, 47.0618, 35.5261, 26.7045, 19.804, 14.3653, 10.397, 7.47816, 5.53032, 4.16634, 3.45625, 3.14731, 3.063, 3.25254, 2.89051, 2.51982, 2.38699, 2.60561, 2.97825, 3.41815, 3.47372, 3.41815, 2.97825, 2.60561, 2.38699, 2.51982, 2.89051, 3.25254, 3.063, 3.14731, 3.45625, 4.16634, 5.53032, 7.47816, 10.397, 14.3653, 19.804, 26.7045, 35.5261, 47.0618, 
wilson seq5:
28.7915, 0.629011, 0.11729, 0.0438765, 0.0201565, 0.0026568, 0.00601877, 0.049398, 0.0363121, -0.0270287, -0.0117065, -0.0372587, 0.0188645, 0.00837587, -0.0255824, 0.00481395, -0.043842, 0.0184, -0.0193937, 0.0188936, -0.0809437, 0.0188936, -0.0193937, 0.0184, -0.043842, 0.00481395, -0.0255824, 0.00837587, 0.0188645, -0.0372587, -0.0117065, -0.0270287, 0.0363121, 0.049398, 0.00601877, 0.0026568, 0.0201565, 0.0438765, 0.11729, 0.629011, 
Plaqavg:
0.818799
m_0++ seq0:
50.6633, 1.74391, -1.03277, -1.34692, -1.54755, -1.31225, -1.58351, -1.45113, -1.40098, -1.51836, -1.57272, -1.5693, -1.69175, -1.53688, -1.4657, -1.4951, -1.6345, -1.53804, -1.3627, -1.32249, -1.38582, -1.32249, -1.3627, -1.53804, -1.6345, -1.4951, -1.4657, -1.53688, -1.69175, -1.5693, -1.57272, -1.51836, -1.40098, -1.45113, -1.58351, -1.31225, -1.54755, -1.34692, -1.03277, 1.74391, 
m_0-- seq0:
61.5304, 37.3014, 26.56, 19.3068, 14.2077, 10.4752, 7.83399, 5.71956, 3.87182, 2.17926, 0.700464, -0.329966, -0.663074, -0.495553, -0.115791, -0.412034, -1.07467, -1.88801, -2.53755, -2.89539, -2.98202, -2.89539, -2.53755, -1.88801, -1.07467, -0.412034, -0.115791, -0.495553, -0.663074, -0.329966, 0.700464, 2.17926, 3.87182, 5.71956, 7.83399, 10.4752, 14.2077, 19.3068, 26.56, 37.3014, 
wilson seq0:
28.7877, 0.552627, 0.0939494, 0.0149915, 0.014657, -0.0147158, -0.00322534, -0.0566156, 0.022215, -0.041092, -0.00473418, -0.00589736, -0.0764755, 0.0491744, 0.0160834, 0.00123643, 0.012602, -0.073377, 0.0324667, -0.0550382, -0.0096909, -0.0550382, 0.0324667, -0.073377, 0.012602, 0.00123643, 0.0160834, 0.0491744, -0.0764755, -0.00589736, -0.00473418, -0.041092, 0.022215, -0.0566156, -0.00322534, -0.0147158, 0.014657, 0.0149915, 0.0939494, 0.552627, 
Plaqavg:
0.818792
m_0++ seq1:
50.9038, 1.56822, -1.05625, -1.29404, -1.31429, -1.43579, -1.27404, -1.51878, -1.48212, -1.48236, -1.40112, -1.74836, -1.47184, -1.50733, -1.66666, -1.6263, -1.42546, -1.65613, -1.51993, -1.34994, -1.57881, -1.34994, -1.51993, -1.65613, -1.42546, -1.6263, -1.66666, -1.50733, -1.47184, -1.74836, -1.40112, -1.48236, -1.48212, -1.51878, -1.27404, -1.43579, -1.31429, -1.29404, -1.05625, 1.56822, 
m_0-- seq1:
70.1525, 45.4301, 34.0238, 25.5252, 19.342, 14.6709, 10.9139, 8.10014, 5.91549, 4.17348, 2.89566, 1.95235, 1.55215, 1.77377, 2.34943, 2.93376, 3.31899, 3.47092, 3.81557, 4.2714, 4.28616, 4.2714, 3.81557, 3.47092, 3.31899, 2.93376, 2.34943, 1.77377, 1.55215, 1.95235, 2.89566, 4.17348, 5.91549, 8.10014, 10.9139, 14.6709, 19.342, 25.5252, 34.0238, 45.4301, 
wilson seq1:
28.8424, 0.630859, 0.0233673, 0.0426313, 0.0217536, -0.0288576, -0.0362226, -0.00203461, -0.00707341, -0.0294126, -0.0223594, -0.0478046, -0.00997515, 0.0474388, -0.0128026, 0.0209104, -0.0293758, -0.0291317, -0.0336543, 0.0196853, -0.0194629, 0.0196853, -0.0336543, -0.0291317, -0.0293758, 0.0209104, -0.0128026, 0.0474388, -0.00997515, -0.0478046, -0.0223594, -0.0294126, -0.00707341, -0.00203461, -0.0362226, -0.0288576, 0.0217536, 0.0426313, 0.0233673, 0.630859, 
Plaqavg:
0.818726
m_0++ seq2:
50.7206, 1.79598, -1.10381, -1.40717, -1.36476, -1.33115, -1.51132, -1.57789, -1.43012, -1.43931, -1.55805, -1.52484, -1.56561, -1.57808, -1.48185, -1.33247, -1.49839, -1.55771, -1.49715, -1.61506, -1.563, -1.61506, -1.49715, -1.55771, -1.49839, -1.33247, -1.48185, -1.57808, -1.56561, -1.52484, -1.55805, -1.43931, -1.43012, -1.57789, -1.51132, -1.33115, -1.36476, -1.40717, -1.10381, 1.79598, 
m_0-- seq2:
63.3585, 38.7774, 27.4135, 19.7085, 14.5135, 10.6592, 8.17934, 6.56155, 5.62383, 5.09669, 5.17802, 5.38954, 5.30615, 5.28927, 4.93043, 3.78044, 2.59033, 1.55072, 0.89137, 0.472335, 0.324916, 0.472335, 0.89137, 1.55072, 2.59033, 3.78044, 4.93043, 5.28927, 5.30615, 5.38954, 5.17802, 5.09669, 5.62383, 6.56155, 8.17934, 10.6592, 14.5135, 19.7085, 27.4135, 38.7774, 
wilson seq2:
28.8319, 0.608994, 0.0421098, 0.0628396, 0.00763046, 0.0438187, 0.0348985, 0.00829292, -0.0120058, 0.00908396, 0.0440809, 0.0177393, 0.0307126, -0.0619696, -0.0491084, -0.00660761, 0.0261758, 0.0112448, 0.0318119, -0.0132578, 0.0653616, -0.0132578, 0.0318119, 0.0112448, 0.0261758, -0.00660761, -0.0491084, -0.0619696, 0.0307126, 0.0177393, 0.0440809, 0.00908396, -0.0120058, 0.00829292, 0.0348985, 0.0438187, 0.00763046, 0.0628396, 0.0421098, 0.608994, 
Plaqavg:
0.818711
m_0++ seq3:
50.6044, 1.69428, -1.08043, -1.42714, -1.43786, -1.19523, -1.34008, -1.39807, -1.55207, -1.57488, -1.54098, -1.63054, -1.45632, -1.59346, -1.60182, -1.42885, -1.20678, -1.54415, -1.38931, -1.81849, -1.56002, -1.81849, -1.38931, -1.54415, -1.20678, -1.42885, -1.60182, -1.59346, -1.45632, -1.63054, -1.54098, -1.57488, -1.55207, -1.39807, -1.34008, -1.19523, -1.43786, -1.42714, -1.08043, 1.69428, 
m_0-- seq3:
70.2552, 45.6092, 33.9368, 25.5911, 19.5602, 14.4887, 10.609, 8.02972, 5.962, 4.20346, 2.84825, 1.32212, -0.15909, -1.36068, -2.78616, -3.84827, -4.03799, -3.76314, -3.58789, -3.88034, -3.97682, -3.88034, -3.58789, -3.76314, -4.03799, -3.84827, -2.78616, -1.36068, -0.15909, 1.32212, 2.84825, 4.20346, 5.962, 8.02972, 10.609, 14.4887, 19.5602, 25.5911, 33.9368, 45.6092, 
wilson seq3:
28.7563, 0.578119, 0.0836623, 0.00651616, -0.0276493, -0.00980891, 0.00094072, -0.0204781, -0.0262678, -0.0549708, -0.0359039, -0.0396378, -0.0292053, -0.0127861, 0.0117807, -0.0241573, -0.0652795, -0.0248212, 0.06134, -0.0232633, 0.0582349, -0.0232633, 0.06134, -0.0248212, -0.0652795, -0.0241573, 0.0117807, -0.0127861, -0.0292053, -0.0396378, -0.0359039, -0.0549708, -0.0262678, -0.0204781, 0.00094072, -0.00980891, -0.0276493, 0.00651616, 0.0836623, 0.578119, 
Plaqavg:
0.818761
m_0++ seq4:
50.8705, 1.81466, -1.25091, -1.48722, -1.46085, -1.5357, -1.2313, -1.46743, -1.51822, -1.49764, -1.36008, -1.53952, -1.4998, -1.41861, -1.36387, -1.6127, -1.7097, -1.49537, -1.57761, -1.49145, -1.46384, -1.49145, -1.57761, -1.49537, -1.7097, -1.6127, -1.36387, -1.41861, -1.4998, -1.53952, -1.36008, -1.49764, -1.51822, -1.46743, -1.2313, -1.5357, -1.46085, -1.48722, -1.25091, 1.81466, 
m_0-- seq4:
60.2149, 37.0587, 27.4046, 21.2259, 17.2671, 14.6967, 12.6818, 10.8573, 9.30918, 7.85622, 6.55516, 5.28938, 4.20648, 3.44972, 2.56338, 1.78092, 1.48272, 1.54862, 1.51335, 1.63456, 1.73375, 1.63456, 1.51335, 1.54862, 1.48272, 1.78092, 2.56338, 3.44972, 4.20648, 5.28938, 6.55516, 7.85622, 9.30918, 10.8573, 12.6818, 14.6967, 17.2671, 21.2259, 27.4046, 37.0587, 
wilson seq4:
28.8616, 0.619505, 0.113909, 0.0604982, -0.0225183, -0.0250677, 0.0656752, 0.00960547, -0.0132606, -0.0176518, 0.0269198, -0.0328465, 0.00707684, 0.00622405, 0.0254011, 0.0121316, -0.0437052, -0.0313547, -0.0264087, 0.0203395, -0.0636525, 0.0203395, -0.0264087, -0.0313547, -0.0437052, 0.0121316, 0.0254011, 0.00622405, 0.00707684, -0.0328465, 0.0269198, -0.0176518, -0.0132606, 0.00960547, 0.0656752, -0.0250677, -0.0225183, 0.0604982, 0.113909, 0.619505, 
Plaqavg:
0.818984
m_0++ seq5:
50.5743, 1.5327, -1.04505, -1.29715, -1.34881, -1.5225, -1.49373, -1.56944, -1.58958, -1.4744, -1.51923, -1.46611, -1.48193, -1.34314, -1.43209, -1.39135, -1.25409, -1.60062, -1.57327, -1.54966, -1.73538, -1.54966, -1.57327, -1.60062, -1.25409, -1.39135, -1.43209, -1.34314, -1.48193, -1.46611, -1.51923, -1.4744, -1.58958, -1.56944, -1.49373, -1.5225, -1.34881, -1.29715, -1.04505, 1.5327, 
m_0-- seq5:
70.4796, 45.8051, 34.4118, 26.1334, 20.6126, 16.5013, 13.9016, 12.3695, 11.6108, 10.9832, 10.1197, 9.01748, 8.41467, 8.05393, 7.76941, 7.87333, 7.43621, 6.86202, 5.75988, 4.75141, 4.38841, 4.75141, 5.75988, 6.86202, 7.43621, 7.87333, 7.76941, 8.05393, 8.41467, 9.01748, 10.1197, 10.9832, 11.6108, 12.3695, 13.9016, 16.5013, 20.6126, 26.1334, 34.4118, 45.8051, 
wilson seq5:
28.729, 0.648984, 0.0729939, 0.0753057, -0.0357641, 0.0387246, -0.0184312, -0.0194912, -0.0226448, 0.0592522, 0.00385275, 0.0303073, 0.0189792, -0.0430607, -0.00107179, 0.000990524, 0.0157593, -0.0662935, -0.0213032, 0.0327531, 0.0871836, 0.0327531, -0.0213032, -0.0662935, 0.0157593, 0.000990524, -0.00107179, -0.0430607, 0.0189792, 0.0303073, 0.00385275, 0.0592522, -0.0226448, -0.0194912, -0.0184312, 0.0387246, -0.0357641, 0.0753057, 0.0729939, 0.648984, 
Plaqavg:
0.818673