Equilibriated:1074
m_0++ seq1:
58.3322, 2.48813, -1.45421, -1.71347, -1.65556, -1.57005, -1.50181, -1.61449, -1.81508, -1.8005, -2.00537, -1.73891, -1.84237, -1.91304, -1.8668, -1.52859, -1.49607, -1.58624, -1.85859, -1.80531, -1.77552, -1.80531, -1.85859, -1.58624, -1.49607, -1.52859, -1.8668, -1.91304, -1.84237, -1.73891, -2.00537, -1.8005, -1.81508, -1.61449, -1.50181, -1.57005, -1.65556, -1.71347, -1.45421, 2.48813, 
m_0-- seq1:
72.8662, 37.5872, 22.683, 13.2988, 7.64375, 5.0208, 3.48563, 2.77337, 2.46162, 1.9391, 1.44258, 1.45511, 2.02651, 2.67674, 3.13948, 2.98933, 2.77181, 2.64597, 3.02959, 3.0783, 3.4117, 3.0783, 3.02959, 2.64597, 2.77181, 2.98933, 3.13948, 2.67674, 2.02651, 1.45511, 1.44258, 1.9391, 2.46162, 2.77337, 3.48563, 5.0208, 7.64375, 13.2988, 22.683, 37.5872, 
wilson seq1:
28.5127, 0.378803, 0.0792756, -0.00935948, -0.0346154, 0.00915441, 0.0367637, -0.0145479, 0.0112205, -0.0285041, 0.0332012, -0.0302191, 0.00477358, -0.00131539, 0.0477994, 0.0460733, -0.0239687, -0.0234419, -0.0112176, -0.0197821, 0.0618108, -0.0197821, -0.0112176, -0.0234419, -0.0239687, 0.0460733, 0.0477994, -0.00131539, 0.00477358, -0.0302191, 0.0332012, -0.0285041, 0.0112205, -0.0145479, 0.0367637, 0.00915441, -0.0346154, -0.00935948, 0.0792756, 0.378803, 
Plaqavg:
0.805979
m_0++ seq2:
57.8889, 2.34495, -1.05264, -1.55054, -1.61191, -1.69694, -1.97283, -1.86761, -1.77066, -1.50491, -1.8354, -1.60709, -1.58799, -1.84076, -1.63904, -1.92404, -1.82641, -1.70949, -1.73025, -1.72992, -1.6619, -1.72992, -1.73025, -1.70949, -1.82641, -1.92404, -1.63904, -1.84076, -1.58799, -1.60709, -1.8354, -1.50491, -1.77066, -1.86761, -1.97283, -1.69694, -1.61191, -1.55054, -1.05264, 2.34495, 
m_0-- seq2:
74.9695, 40.2236, 24.6556, 14.2834, 7.47648, 3.75114, 1.73329, 0.821799, 0.183749, -0.282018, -0.504035, -1.09923, -1.88251, -1.73798, -0.662589, 0.871326, 2.08268, 3.09811, 3.95557, 4.77312, 5.15264, 4.77312, 3.95557, 3.09811, 2.08268, 0.871326, -0.662589, -1.73798, -1.88251, -1.09923, -0.504035, -0.282018, 0.183749, 0.821799, 1.73329, 3.75114, 7.47648, 14.2834, 24.6556, 40.2236, 
wilson seq2:
28.5606, 0.447071, 0.0470527, -0.0061043, 0.0123749, 0.0416179, 0.017635, 0.0563882, -0.0370437, -0.0513277, -0.0125803, -0.0192031, 0.00827049, 0.00449839, -0.0260271, 0.0427837, 0.0385624, -0.00140125, 0.00932672, 0.0587985, -0.0150653, 0.0587985, 0.00932672, -0.00140125, 0.0385624, 0.0427837, -0.0260271, 0.00449839, 0.00827049, -0.0192031, -0.0125803, -0.0513277, -0.0370437, 0.0563882, 0.017635, 0.0416179, 0.0123749, -0.0061043, 0.0470527, 0.447071, 
Plaqavg:
0.805911
m_0++ seq3:
58.6474, 2.3923, -1.19433, -1.58508, -1.788, -1.77274, -1.7646, -1.69054, -1.68608, -1.77089, -1.84231, -1.79488, -1.65327, -1.73652, -1.70184, -1.69337, -1.77001, -1.64984, -1.82133, -1.81704, -1.96665, -1.81704, -1.82133, -1.64984, -1.77001, -1.69337, -1.70184, -1.73652, -1.65327, -1.79488, -1.84231, -1.77089, -1.68608, -1.69054, -1.7646, -1.77274, -1.788, -1.58508, -1.19433, 2.3923, 
m_0-- seq3:
72.216, 37.0347, 22.4136, 13.4763, 8.4328, 5.35859, 3.15386, 1.16483, -0.225653, -1.20591, -2.10799, -2.97664, -4.13304, -4.03393, -3.73919, -3.62239, -3.64624, -3.65873, -3.64875, -4.01611, -3.72426, -4.01611, -3.64875, -3.65873, -3.64624, -3.62239, -3.73919, -4.03393, -4.13304, -2.97664, -2.10799, -1.20591, -0.225653, 1.16483, 3.15386, 5.35859, 8.4328, 13.4763, 22.4136, 37.0347, 
wilson seq3:
28.4782, 0.348591, 0.0297745, -0.0413655, -0.0151903, -0.0258908, -0.0175618, 0.037851, -0.015273, 0.0034948, 0.0042891, -0.04527, 0.00821894, 0.0185432, 0.0485154, 0.0558825, 0.0229584, 0.00902734, 0.0447097, -0.0350451, -0.00731887, -0.0350451, 0.0447097, 0.00902734, 0.0229584, 0.0558825, 0.0485154, 0.0185432, 0.00821894, -0.04527, 0.0042891, 0.0034948, -0.015273, 0.037851, -0.0175618, -0.0258908, -0.0151903, -0.0413655, 0.0297745, 0.348591, 
Plaqavg:
0.805994
m_0++ seq4:
57.9278, 2.19975, -1.06099, -1.48065, -1.75705, -1.65729, -1.58104, -1.65686, -1.82305, -1.88397, -1.57313, -1.82967, -1.75127, -1.81449, -1.59378, -1.85618, -1.82178, -1.82316, -1.73319, -1.62278, -1.68667, -1.62278, -1.73319, -1.82316, -1.82178, -1.85618, -1.59378, -1.81449, -1.75127, -1.82967, -1.57313, -1.88397, -1.82305, -1.65686, -1.58104, -1.65729, -1.75705, -1.48065, -1.06099, 2.19975, 
m_0-- seq4:
78.3453, 43.1697, 27.1221, 16.8015, 10.1499, 5.80509, 2.65691, 0.861951, 0.361534, 0.288698, 0.319379, 0.744249, 1.1975, 1.82351, 1.52701, 1.35059, 0.883969, 0.888532, 0.253759, -0.615532, -1.23442, -0.615532, 0.253759, 0.888532, 0.883969, 1.35059, 1.52701, 1.82351, 1.1975, 0.744249, 0.319379, 0.288698, 0.361534, 0.861951, 2.65691, 5.80509, 10.1499, 16.8015, 27.1221, 43.1697, 
wilson seq4:
28.5595, 0.351634, 0.0515693, 0.0215952, -0.0330134, -0.0118897, -0.0472445, 0.00651248, -0.0179113, -0.0161273, -0.0550717, -0.00214134, -0.00807998, 0.0620077, -0.0653425, -0.0297405, 0.0329248, 0.00339013, -0.0314042, -0.018635, -0.0158708, -0.018635, -0.0314042, 0.00339013, 0.0329248, -0.0297405, -0.0653425, 0.0620077, -0.00807998, -0.00214134, -0.0550717, -0.0161273, -0.0179113, 0.00651248, -0.0472445, -0.0118897, -0.0330134, 0.0215952, 0.0515693, 0.351634, 
Plaqavg:
0.806095
m_0++ seq5:
58.361, 2.43598, -1.31607, -1.67998, -1.72118, -1.8066, -1.80973, -1.90693, -1.59602, -1.70553, -1.75547, -1.67527, -1.75236, -1.86136, -1.82739, -1.56228, -1.75793, -1.65118, -1.46941, -1.7829, -1.95782, -1.7829, -1.46941, -1.65118, -1.75793, -1.56228, -1.82739, -1.86136, -1.75236, -1.67527, -1.75547, -1.70553, -1.59602, -1.90693, -1.80973, -1.8066, -1.72118, -1.67998, -1.31607, 2.43598, 
m_0-- seq5:
76.1466, 40.281, 24.38, 14.4444, 7.96788, 4.25656, 2.6028, 0.820493, -0.678277, -1.6372, -1.94691, -2.34704, -2.13914, -2.12086, -2.49443, -2.95333, -2.7784, -2.15144, -1.58448, -1.31346, -1.31054, -1.31346, -1.58448, -2.15144, -2.7784, -2.95333, -2.49443, -2.12086, -2.13914, -2.34704, -1.94691, -1.6372, -0.678277, 0.820493, 2.6028, 4.25656, 7.96788, 14.4444, 24.38, 40.281, 
wilson seq5:
28.4672, 0.334555, -0.0207327, 0.00347125, -0.00215438, -0.0139041, -0.0293479, 0.0137807, -0.0467061, -0.0098172, 0.0578184, -0.0130624, 0.0198976, -0.0105988, 0.0541958, -0.0166112, -0.0399047, 0.0348618, 0.0255472, 0.031751, -0.0494855, 0.031751, 0.0255472, 0.0348618, -0.0399047, -0.0166112, 0.0541958, -0.0105988, 0.0198976, -0.0130624, 0.0578184, -0.0098172, -0.0467061, 0.0137807, -0.0293479, -0.0139041, -0.00215438, 0.00347125, -0.0207327, 0.334555, 
Plaqavg:
0.805893
m_0++ seq6:
58.2167, 2.26437, -1.11966, -1.82815, -1.80598, -1.78604, -1.79256, -1.65771, -1.58448, -1.57971, -1.8862, -1.73076, -1.5426, -1.47217, -1.8303, -1.62166, -1.66918, -1.86045, -1.73539, -1.88568, -1.96803, -1.88568, -1.73539, -1.86045, -1.66918, -1.62166, -1.8303, -1.47217, -1.5426, -1.73076, -1.8862, -1.57971, -1.58448, -1.65771, -1.79256, -1.78604, -1.80598, -1.82815, -1.11966, 2.26437, 
m_0-- seq6:
82.4781, 46.8363, 30.6606, 19.7912, 12.2611, 7.31825, 4.61835, 2.91766, 2.17593, 2.1225, 1.81795, 1.8051, 2.06306, 1.80904, 1.26849, 0.789311, 0.443791, 0.303374, 0.36755, 0.326181, 0.324778, 0.326181, 0.36755, 0.303374, 0.443791, 0.789311, 1.26849, 1.80904, 2.06306, 1.8051, 1.81795, 2.1225, 2.17593, 2.91766, 4.61835, 7.31825, 12.2611, 19.7912, 30.6606, 46.8363, 
wilson seq6:
28.487, 0.349886, 0.0585678, -0.0290203, 0.00941002, -0.0410701, 0.0236681, -0.0160785, -0.0475056, -0.0294762, 0.0213236, -0.0197246, -0.0100768, 0.0381991, -0.0117051, 0.0106382, 0.0258453, 0.00688432, -0.0194576, -0.0473383, 0.00430887, -0.0473383, -0.0194576, 0.00688432, 0.0258453, 0.0106382, -0.0117051, 0.0381991, -0.0100768, -0.0197246, 0.0213236, -0.0294762, -0.0475056, -0.0160785, 0.0236681, -0.0410701, 0.00941002, -0.0290203, 0.0585678, 0.349886, 
Plaqavg:
0.805807
m_0++ seq7:
58.1907, 2.24782, -0.961134, -1.25648, -1.59943, -2.03912, -1.93651, -1.7675, -1.65104, -1.51408, -1.55494, -1.56199, -1.81845, -1.82456, -1.84552, -1.9603, -1.87306, -1.78605, -1.85262, -1.65715, -1.76655, -1.65715, -1.85262, -1.78605, -1.87306, -1.9603, -1.84552, -1.82456, -1.81845, -1.56199, -1.55494, -1.51408, -1.65104, -1.7675, -1.93651, -2.03912, -1.59943, -1.25648, -0.961134, 2.24782, 
m_0-- seq7:
76.9561, 42.1887, 27.2464, 18.0696, 12.3272, 8.49478, 6.29115, 4.83493, 3.9801, 3.26939, 2.63076, 1.6271, 0.850203, 0.66073, 0.743686, 1.11759, 1.66455, 1.96519, 2.50064, 3.87787, 4.10843, 3.87787, 2.50064, 1.96519, 1.66455, 1.11759, 0.743686, 0.66073, 0.850203, 1.6271, 2.63076, 3.26939, 3.9801, 4.83493, 6.29115, 8.49478, 12.3272, 18.0696, 27.2464, 42.1887, 
wilson seq7:
28.4744, 0.373163, 0.0809472, 0.00978608, 0.0194048, -0.000690401, 0.0350692, 0.000975169, 0.022713, -0.0268345, 0.0375623, 0.0239219, -0.0694583, -0.0016723, -0.00854775, -0.0373425, -0.0315297, -0.0352869, -0.000814412, -0.072571, -0.128897, -0.072571, -0.000814412, -0.0352869, -0.0315297, -0.0373425, -0.00854775, -0.0016723, -0.0694583, 0.0239219, 0.0375623, -0.0268345, 0.022713, 0.000975169, 0.0350692, -0.000690401, 0.0194048, 0.00978608, 0.0809472, 0.373163, 
Plaqavg:
0.805976
m_0++ seq8:
58.3084, 2.33586, -1.14999, -1.57746, -1.51272, -1.75256, -1.73612, -1.75717, -2.0017, -1.7143, -1.73461, -1.78582, -1.80827, -1.64504, -1.95284, -1.7558, -1.56861, -1.83354, -1.72651, -1.61598, -1.72197, -1.61598, -1.72651, -1.83354, -1.56861, -1.7558, -1.95284, -1.64504, -1.80827, -1.78582, -1.73461, -1.7143, -2.0017, -1.75717, -1.73612, -1.75256, -1.51272, -1.57746, -1.14999, 2.33586, 
m_0-- seq8:
78.4234, 44.1485, 29.5366, 20.8256, 15.111, 10.7855, 8.14975, 6.7243, 6.3866, 6.43502, 6.40021, 6.74459, 6.16505, 5.86613, 5.40835, 5.27102, 4.804, 4.3652, 4.05615, 3.43809, 3.11763, 3.43809, 4.05615, 4.3652, 4.804, 5.27102, 5.40835, 5.86613, 6.16505, 6.74459, 6.40021, 6.43502, 6.3866, 6.7243, 8.14975, 10.7855, 15.111, 20.8256, 29.5366, 44.1485, 
wilson seq8:
28.5966, 0.346901, 0.0871107, -0.0552882, 0.0648801, 0.0195251, 0.0202072, 0.0119306, 0.0430292, 0.0076656, 0.0265922, 0.0532843, -0.000701143, 0.0259869, 0.0309341, 0.043526, 0.0463333, 0.0205867, 0.0102402, -0.0201077, 0.052549, -0.0201077, 0.0102402, 0.0205867, 0.0463333, 0.043526, 0.0309341, 0.0259869, -0.000701143, 0.0532843, 0.0265922, 0.0076656, 0.0430292, 0.0119306, 0.0202072, 0.0195251, 0.0648801, -0.0552882, 0.0871107, 0.346901, 
Plaqavg:
0.806085
m_0++ seq9:
58.4799, 2.75242, -1.21361, -1.57619, -1.77404, -1.73124, -1.87293, -1.69534, -1.55092, -1.6393, -1.96243, -1.65178, -1.75164, -1.74898, -1.76025, -1.90402, -1.7378, -1.91399, -1.88435, -1.64159, -1.964, -1.64159, -1.88435, -1.91399, -1.7378, -1.90402, -1.76025, -1.74898, -1.75164, -1.65178, -1.96243, -1.6393, -1.55092, -1.69534, -1.87293, -1.73124, -1.77404, -1.57619, -1.21361, 2.75242, 
m_0-- seq9:
79.7426, 44.3274, 27.6389, 17.9009, 10.9872, 6.46899, 3.24032, 0.41607, -2.17703, -3.37145, -3.2738, -2.32973, -1.11263, 0.0107306, 0.944163, 1.59859, 1.99005, 2.05141, 1.75173, 1.2314, 1.19461, 1.2314, 1.75173, 2.05141, 1.99005, 1.59859, 0.944163, 0.0107306, -1.11263, -2.32973, -3.2738, -3.37145, -2.17703, 0.41607, 3.24032, 6.46899, 10.9872, 17.9009, 27.6389, 44.3274, 
wilson seq9:
28.5227, 0.347593, 0.146195, -0.0316655, 0.0252402, -0.0319582, -0.00442369, 0.00940213, -0.0319064, -0.0351456, 0.0628315, -0.0297309, -0.0776622, 0.0386391, 0.0136027, -0.036035, -0.00666917, 0.0109195, -0.0369033, 0.00483992, -0.0233048, 0.00483992, -0.0369033, 0.0109195, -0.00666917, -0.036035, 0.0136027, 0.0386391, -0.0776622, -0.0297309, 0.0628315, -0.0351456, -0.0319064, 0.00940213, -0.00442369, -0.0319582, 0.0252402, -0.0316655, 0.146195, 0.347593, 
Plaqavg:
0.805952
m_0++ seq10:
58.1881, 2.37333, -0.981263, -1.60488, -1.53466, -1.62484, -1.7326, -1.66382, -1.85183, -1.96689, -2.04266, -1.9598, -1.78465, -1.81264, -1.6788, -1.60147, -1.57411, -1.71681, -1.77203, -1.61972, -1.88784, -1.61972, -1.77203, -1.71681, -1.57411, -1.60147, -1.6788, -1.81264, -1.78465, -1.9598, -2.04266, -1.96689, -1.85183, -1.66382, -1.7326, -1.62484, -1.53466, -1.60488, -0.981263, 2.37333, 
m_0-- seq10:
71.6835, 37.3922, 22.5913, 13.0268, 7.05445, 3.66707, 1.27494, -0.140386, -0.96066, -1.11339, -0.735317, -0.152996, 1.21602, 2.35439, 3.03055, 3.24245, 3.42494, 3.71887, 4.64219, 5.53348, 6.10272, 5.53348, 4.64219, 3.71887, 3.42494, 3.24245, 3.03055, 2.35439, 1.21602, -0.152996, -0.735317, -1.11339, -0.96066, -0.140386, 1.27494, 3.66707, 7.05445, 13.0268, 22.5913, 37.3922, 
wilson seq10:
28.5854, 0.372664, 0.00501157, -0.0289144, 0.000703508, -0.0577691, 0.052804, -0.0169139, 0.0205799, -0.00581826, 0.0164862, 0.0501058, 0.00321733, -0.00792171, -0.0300839, -0.0378002, 0.00781295, 0.0178254, 0.0906552, 0.055478, -0.011127, 0.055478, 0.0906552, 0.0178254, 0.00781295, -0.0378002, -0.0300839, -0.00792171, 0.00321733, 0.0501058, 0.0164862, -0.00581826, 0.0205799, -0.0169139, 0.052804, -0.0577691, 0.000703508, -0.0289144, 0.00501157, 0.372664, 
Plaqavg:
0.806159
m_0++ seq11:
58.2278, 2.57966, -1.13106, -1.46536, -1.53204, -1.71372, -1.90688, -1.90877, -1.90837, -1.66764, -1.83988, -1.83208, -1.56104, -1.59889, -1.76049, -1.87366, -1.84332, -1.7617, -1.79477, -1.71639, -1.75503, -1.71639, -1.79477, -1.7617, -1.84332, -1.87366, -1.76049, -1.59889, -1.56104, -1.83208, -1.83988, -1.66764, -1.90837, -1.90877, -1.90688, -1.71372, -1.53204, -1.46536, -1.13106, 2.57966, 
m_0-- seq11:
72.2274, 37.3493, 22.9647, 14.5228, 9.41654, 5.96946, 3.59481, 2.74134, 2.71788, 2.61439, 2.67471, 2.97845, 2.94894, 2.6413, 2.3577, 1.69003, 0.829051, -0.380568, -1.18484, -1.97583, -2.20554, -1.97583, -1.18484, -0.380568, 0.829051, 1.69003, 2.3577, 2.6413, 2.94894, 2.97845, 2.67471, 2.61439, 2.71788, 2.74134, 3.59481, 5.96946, 9.41654, 14.5228, 22.9647, 37.3493, 
wilson seq11:
28.5284, 0.38385, 0.0100528, 0.0335454, -0.0256601, -0.0312426, -0.0356956, 0.000123534, 0.004416, 0.00933446, 0.0050709, 0.0691274, -0.00247657, 0.0347359, 0.0292819, 0.0400268, -0.0224968, 0.0335717, -0.044821, -0.0337435, -0.0230773, -0.0337435, -0.044821, 0.0335717, -0.0224968, 0.0400268, 0.0292819, 0.0347359, -0.00247657, 0.0691274, 0.0050709, 0.00933446, 0.004416, 0.000123534, -0.0356956, -0.0312426, -0.0256601, 0.0335454, 0.0100528, 0.38385, 
Plaqavg:
0.805991
m_0++ seq12:
58.52, 2.4972, -0.853216, -1.41479, -1.62435, -1.70072, -1.65328, -1.84097, -1.84222, -1.8656, -1.71249, -1.6572, -1.70253, -1.90734, -1.96027, -1.86346, -1.83741, -1.85914, -1.65797, -1.81426, -1.9799, -1.81426, -1.65797, -1.85914, -1.83741, -1.86346, -1.96027, -1.90734, -1.70253, -1.6572, -1.71249, -1.8656, -1.84222, -1.84097, -1.65328, -1.70072, -1.62435, -1.41479, -0.853216, 2.4972, 
m_0-- seq12:
70.1272, 35.578, 20.5769, 11.7822, 6.75789, 3.51741, 1.86619, 0.738219, -0.175829, -1.14227, -1.44637, -1.21946, -1.22107, -0.764234, -0.205855, 0.374823, 0.807083, 1.0185, 1.55517, 1.55138, 1.37336, 1.55138, 1.55517, 1.0185, 0.807083, 0.374823, -0.205855, -0.764234, -1.22107, -1.21946, -1.44637, -1.14227, -0.175829, 0.738219, 1.86619, 3.51741, 6.75789, 11.7822, 20.5769, 35.578, 
wilson seq12:
28.5317, 0.400454, -0.00802827, 0.0237423, -0.0447239, 0.00133079, -0.00894101, 0.00615053, 0.0175352, -0.000686256, 0.0324044, -0.0493268, 0.0217679, -0.0554241, 0.00810991, -0.0197484, -0.022503, 0.0438011, -0.0226862, 0.043662, 0.0459233, 0.043662, -0.0226862, 0.0438011, -0.022503, -0.0197484, 0.00810991, -0.0554241, 0.0217679, -0.0493268, 0.0324044, -0.000686256, 0.0175352, 0.00615053, -0.00894101, 0.00133079, -0.0447239, 0.0237423, -0.00802827, 0.400454, 
Plaqavg:
0.806013
m_0++ seq13:
58.0019, 2.51647, -1.00871, -1.55608, -1.50676, -1.63885, -1.82159, -1.73798, -1.62533, -1.72691, -1.56657, -1.72082, -1.72302, -1.81631, -1.92523, -1.83105, -1.57073, -2.02654, -2.06579, -1.75741, -1.78346, -1.75741, -2.06579, -2.02654, -1.57073, -1.83105, -1.92523, -1.81631, -1.72302, -1.72082, -1.56657, -1.72691, -1.62533, -1.73798, -1.82159, -1.63885, -1.50676, -1.55608, -1.00871, 2.51647, 
m_0-- seq13:
75.6562, 40.5701, 24.4332, 14.4232, 8.47994, 5.14141, 3.49404, 2.18384, 1.00617, 0.151293, -0.853089, -1.96986, -2.55601, -2.94495, -2.89906, -2.88513, -3.02741, -2.78698, -2.572, -2.30988, -2.26168, -2.30988, -2.572, -2.78698, -3.02741, -2.88513, -2.89906, -2.94495, -2.55601, -1.96986, -0.853089, 0.151293, 1.00617, 2.18384, 3.49404, 5.14141, 8.47994, 14.4232, 24.4332, 40.5701, 
wilson seq13:
28.539, 0.345197, 0.0592261, 0.0104144, 0.0396974, -0.0233147, -0.0150709, -0.0354057, -0.0158829, -0.0102845, -0.0426255, 0.0196481, -0.00333955, -0.0249506, -0.0151998, 0.00934663, -0.0451184, -0.0131772, -0.0240131, 0.0364633, -0.013629, 0.0364633, -0.0240131, -0.0131772, -0.0451184, 0.00934663, -0.0151998, -0.0249506, -0.00333955, 0.0196481, -0.0426255, -0.0102845, -0.0158829, -0.0354057, -0.0150709, -0.0233147, 0.0396974, 0.0104144, 0.0592261, 0.345197, 
Plaqavg:
0.80607
m_0++ seq14:
58.2346, 2.34613, -1.14287, -1.48933, -1.59038, -1.47452, -1.58502, -1.6264, -1.8285, -1.86963, -1.67237, -2.05761, -1.92367, -1.76718, -1.59455, -1.9282, -1.92795, -1.8596, -1.74651, -1.68031, -1.39765, -1.68031, -1.74651, -1.8596, -1.92795, -1.9282, -1.59455, -1.76718, -1.92367, -2.05761, -1.67237, -1.86963, -1.8285, -1.6264, -1.58502, -1.47452, -1.59038, -1.48933, -1.14287, 2.34613, 
m_0-- seq14:
79.6313, 43.9384, 27.4832, 16.6338, 9.33838, 4.51709, 1.9688, 0.581592, -0.651094, -1.19214, -1.21028, -0.820227, 0.0037892, 0.613315, 1.37578, 2.33742, 2.94998, 3.82597, 4.62207, 4.98442, 5.10199, 4.98442, 4.62207, 3.82597, 2.94998, 2.33742, 1.37578, 0.613315, 0.0037892, -0.820227, -1.21028, -1.19214, -0.651094, 0.581592, 1.9688, 4.51709, 9.33838, 16.6338, 27.4832, 43.9384, 
wilson seq14:
28.4435, 0.286667, 0.0146632, 0.0487031, -0.00821903, -0.0348062, 0.000969004, 0.0393389, 0.0111951, -0.00603388, 0.0443512, 0.000802389, 0.0655584, 0.024699, -0.0571116, -0.0229794, -0.0158562, 0.00645235, -0.0165644, 0.0147552, 0.0352914, 0.0147552, -0.0165644, 0.00645235, -0.0158562, -0.0229794, -0.0571116, 0.024699, 0.0655584, 0.000802389, 0.0443512, -0.00603388, 0.0111951, 0.0393389, 0.000969004, -0.0348062, -0.00821903, 0.0487031, 0.0146632, 0.286667, 
Plaqavg:
0.805927
m_0++ seq1:
58.3322, 2.48813, -1.45421, -1.71347, -1.65556, -1.57005, -1.50181, -1.61449, -1.81508, -1.8005, -2.00537, -1.73891, -1.84237, -1.91304, -1.8668, -1.52859, -1.49607, -1.58624, -1.85859, -1.80531, -1.77552, -1.80531, -1.85859, -1.58624, -1.49607, -1.52859, -1.8668, -1.91304, -1.84237, -1.73891, -2.00537, -1.8005, -1.81508, -1.61449, -1.50181, -1.57005, -1.65556, -1.71347, -1.45421, 2.48813, 
m_0-- seq1:
72.8662, 37.5872, 22.683, 13.2988, 7.64375, 5.0208, 3.48563, 2.77337, 2.46162, 1.9391, 1.44258, 1.45511, 2.02651, 2.67674, 3.13948, 2.98933, 2.77181, 2.64597, 3.02959, 3.0783, 3.4117, 3.0783, 3.02959, 2.64597, 2.77181, 2.98933, 3.13948, 2.67674, 2.02651, 1.45511, 1.44258, 1.9391, 2.46162, 2.77337, 3.48563, 5.0208, 7.64375, 13.2988, 22.683, 37.5872, 
wilson seq1:
28.5127, 0.378803, 0.0792756, -0.00935948, -0.0346154, 0.00915441, 0.0367637, -0.0145479, 0.0112205, -0.0285041, 0.0332012, -0.0302191, 0.00477358, -0.00131539, 0.0477994, 0.0460733, -0.0239687, -0.0234419, -0.0112176, -0.0197821, 0.0618108, -0.0197821, -0.0112176, -0.0234419, -0.0239687, 0.0460733, 0.0477994, -0.00131539, 0.00477358, -0.0302191, 0.0332012, -0.0285041, 0.0112205, -0.0145479, 0.0367637, 0.00915441, -0.0346154, -0.00935948, 0.0792756, 0.378803, 
Plaqavg:
0.805979
m_0++ seq2:
57.8889, 2.34495, -1.05264, -1.55054, -1.61191, -1.69694, -1.97283, -1.86761, -1.77066, -1.50491, -1.8354, -1.60709, -1.58799, -1.84076, -1.63904, -1.92404, -1.82641, -1.70949, -1.73025, -1.72992, -1.6619, -1.72992, -1.73025, -1.70949, -1.82641, -1.92404, -1.63904, -1.84076, -1.58799, -1.60709, -1.8354, -1.50491, -1.77066, -1.86761, -1.97283, -1.69694, -1.61191, -1.55054, -1.05264, 2.34495, 
m_0-- seq2:
74.9695, 40.2236, 24.6556, 14.2834, 7.47648, 3.75114, 1.73329, 0.821799, 0.183749, -0.282018, -0.504035, -1.09923, -1.88251, -1.73798, -0.662589, 0.871326, 2.08268, 3.09811, 3.95557, 4.77312, 5.15264, 4.77312, 3.95557, 3.09811, 2.08268, 0.871326, -0.662589, -1.73798, -1.88251, -1.09923, -0.504035, -0.282018, 0.183749, 0.821799, 1.73329, 3.75114, 7.47648, 14.2834, 24.6556, 40.2236, 
wilson seq2:
28.5606, 0.447071, 0.0470527, -0.0061043, 0.0123749, 0.0416179, 0.017635, 0.0563882, -0.0370437, -0.0513277, -0.0125803, -0.0192031, 0.00827049, 0.00449839, -0.0260271, 0.0427837, 0.0385624, -0.00140125, 0.00932672, 0.0587985, -0.0150653, 0.0587985, 0.00932672, -0.00140125, 0.0385624, 0.0427837, -0.0260271, 0.00449839, 0.00827049, -0.0192031, -0.0125803, -0.0513277, -0.0370437, 0.0563882, 0.017635, 0.0416179, 0.0123749, -0.0061043, 0.0470527, 0.447071, 
Plaqavg:
0.805911
m_0++ seq3:
58.6474, 2.3923, -1.19433, -1.58508, -1.788, -1.77274, -1.7646, -1.69054, -1.68608, -1.77089, -1.84231, -1.79488, -1.65327, -1.73652, -1.70184, -1.69337, -1.77001, -1.64984, -1.82133, -1.81704, -1.96665, -1.81704, -1.82133, -1.64984, -1.77001, -1.69337, -1.70184, -1.73652, -1.65327, -1.79488, -1.84231, -1.77089, -1.68608, -1.69054, -1.7646, -1.77274, -1.788, -1.58508, -1.19433, 2.3923, 
m_0-- seq3:
72.216, 37.0347, 22.4136, 13.4763, 8.4328, 5.35859, 3.15386, 1.16483, -0.225653, -1.20591, -2.10799, -2.97664, -4.13304, -4.03393, -3.73919, -3.62239, -3.64624, -3.65873, -3.64875, -4.01611, -3.72426, -4.01611, -3.64875, -3.65873, -3.64624, -3.62239, -3.73919, -4.03393, -4.13304, -2.97664, -2.10799, -1.20591, -0.225653, 1.16483, 3.15386, 5.35859, 8.4328, 13.4763, 22.4136, 37.0347, 
wilson seq3:
28.4782, 0.348591, 0.0297745, -0.0413655, -0.0151903, -0.0258908, -0.0175618, 0.037851, -0.015273, 0.0034948, 0.0042891, -0.04527, 0.00821894, 0.0185432, 0.0485154, 0.0558825, 0.0229584, 0.00902734, 0.0447097, -0.0350451, -0.00731887, -0.0350451, 0.0447097, 0.00902734, 0.0229584, 0.0558825, 0.0485154, 0.0185432, 0.00821894, -0.04527, 0.0042891, 0.0034948, -0.015273, 0.037851, -0.0175618, -0.0258908, -0.0151903, -0.0413655, 0.0297745, 0.348591, 
Plaqavg:
0.805994
m_0++ seq4:
57.9278, 2.19975, -1.06099, -1.48065, -1.75705, -1.65729, -1.58104, -1.65686, -1.82305, -1.88397, -1.57313, -1.82967, -1.75127, -1.81449, -1.59378, -1.85618, -1.82178, -1.82316, -1.73319, -1.62278, -1.68667, -1.62278, -1.73319, -1.82316, -1.82178, -1.85618, -1.59378, -1.81449, -1.75127, -1.82967, -1.57313, -1.88397, -1.82305, -1.65686, -1.58104, -1.65729, -1.75705, -1.48065, -1.06099, 2.19975, 
m_0-- seq4:
78.3453, 43.1697, 27.1221, 16.8015, 10.1499, 5.80509, 2.65691, 0.861951, 0.361534, 0.288698, 0.319379, 0.744249, 1.1975, 1.82351, 1.52701, 1.35059, 0.883969, 0.888532, 0.253759, -0.615532, -1.23442, -0.615532, 0.253759, 0.888532, 0.883969, 1.35059, 1.52701, 1.82351, 1.1975, 0.744249, 0.319379, 0.288698, 0.361534, 0.861951, 2.65691, 5.80509, 10.1499, 16.8015, 27.1221, 43.1697, 
wilson seq4:
28.5595, 0.351634, 0.0515693, 0.0215952, -0.0330134, -0.0118897, -0.0472445, 0.00651248, -0.0179113, -0.0161273, -0.0550717, -0.00214134, -0.00807998, 0.0620077, -0.0653425, -0.0297405, 0.0329248, 0.00339013, -0.0314042, -0.018635, -0.0158708, -0.018635, -0.0314042, 0.00339013, 0.0329248, -0.0297405, -0.0653425, 0.0620077, -0.00807998, -0.00214134, -0.0550717, -0.0161273, -0.0179113, 0.00651248, -0.0472445, -0.0118897, -0.0330134, 0.0215952, 0.0515693, 0.351634, 
Plaqavg:
0.806095
m_0++ seq5:
58.361, 2.43598, -1.31607, -1.67998, -1.72118, -1.8066, -1.80973, -1.90693, -1.59602, -1.70553, -1.75547, -1.67527, -1.75236, -1.86136, -1.82739, -1.56228, -1.75793, -1.65118, -1.46941, -1.7829, -1.95782, -1.7829, -1.46941, -1.65118, -1.75793, -1.56228, -1.82739, -1.86136, -1.75236, -1.67527, -1.75547, -1.70553, -1.59602, -1.90693, -1.80973, -1.8066, -1.72118, -1.67998, -1.31607, 2.43598, 
m_0-- seq5:
76.1466, 40.281, 24.38, 14.4444, 7.96788, 4.25656, 2.6028, 0.820493, -0.678277, -1.6372, -1.94691, -2.34704, -2.13914, -2.12086, -2.49443, -2.95333, -2.7784, -2.15144, -1.58448, -1.31346, -1.31054, -1.31346, -1.58448, -2.15144, -2.7784, -2.95333, -2.49443, -2.12086, -2.13914, -2.34704, -1.94691, -1.6372, -0.678277, 0.820493, 2.6028, 4.25656, 7.96788, 14.4444, 24.38, 40.281, 
wilson seq5:
28.4672, 0.334555, -0.0207327, 0.00347125, -0.00215438, -0.0139041, -0.0293479, 0.0137807, -0.0467061, -0.0098172, 0.0578184, -0.0130624, 0.0198976, -0.0105988, 0.0541958, -0.0166112, -0.0399047, 0.0348618, 0.0255472, 0.031751, -0.0494855, 0.031751, 0.0255472, 0.0348618, -0.0399047, -0.0166112, 0.0541958, -0.0105988, 0.0198976, -0.0130624, 0.0578184, -0.0098172, -0.0467061, 0.0137807, -0.0293479, -0.0139041, -0.00215438, 0.00347125, -0.0207327, 0.334555, 
Plaqavg:
0.805893
m_0++ seq6:
58.2167, 2.26437, -1.11966, -1.82815, -1.80598, -1.78604, -1.79256, -1.65771, -1.58448, -1.57971, -1.8862, -1.73076, -1.5426, -1.47217, -1.8303, -1.62166, -1.66918, -1.86045, -1.73539, -1.88568, -1.96803, -1.88568, -1.73539, -1.86045, -1.66918, -1.62166, -1.8303, -1.47217, -1.5426, -1.73076, -1.8862, -1.57971, -1.58448, -1.65771, -1.79256, -1.78604, -1.80598, -1.82815, -1.11966, 2.26437, 
m_0-- seq6:
82.4781, 46.8363, 30.6606, 19.7912, 12.2611, 7.31825, 4.61835, 2.91766, 2.17593, 2.1225, 1.81795, 1.8051, 2.06306, 1.80904, 1.26849, 0.789311, 0.443791, 0.303374, 0.36755, 0.326181, 0.324778, 0.326181, 0.36755, 0.303374, 0.443791, 0.789311, 1.26849, 1.80904, 2.06306, 1.8051, 1.81795, 2.1225, 2.17593, 2.91766, 4.61835, 7.31825, 12.2611, 19.7912, 30.6606, 46.8363, 
wilson seq6:
28.487, 0.349886, 0.0585678, -0.0290203, 0.00941002, -0.0410701, 0.0236681, -0.0160785, -0.0475056, -0.0294762, 0.0213236, -0.0197246, -0.0100768, 0.0381991, -0.0117051, 0.0106382, 0.0258453, 0.00688432, -0.0194576, -0.0473383, 0.00430887, -0.0473383, -0.0194576, 0.00688432, 0.0258453, 0.0106382, -0.0117051, 0.0381991, -0.0100768, -0.0197246, 0.0213236, -0.0294762, -0.0475056, -0.0160785, 0.0236681, -0.0410701, 0.00941002, -0.0290203, 0.0585678, 0.349886, 
Plaqavg:
0.805807
m_0++ seq7:
58.1907, 2.24782, -0.961134, -1.25648, -1.59943, -2.03912, -1.93651, -1.7675, -1.65104, -1.51408, -1.55494, -1.56199, -1.81845, -1.82456, -1.84552, -1.9603, -1.87306, -1.78605, -1.85262, -1.65715, -1.76655, -1.65715, -1.85262, -1.78605, -1.87306, -1.9603, -1.84552, -1.82456, -1.81845, -1.56199, -1.55494, -1.51408, -1.65104, -1.7675, -1.93651, -2.03912, -1.59943, -1.25648, -0.961134, 2.24782, 
m_0-- seq7:
76.9561, 42.1887, 27.2464, 18.0696, 12.3272, 8.49478, 6.29115, 4.83493, 3.9801, 3.26939, 2.63076, 1.6271, 0.850203, 0.66073, 0.743686, 1.11759, 1.66455, 1.96519, 2.50064, 3.87787, 4.10843, 3.87787, 2.50064, 1.96519, 1.66455, 1.11759, 0.743686, 0.66073, 0.850203, 1.6271, 2.63076, 3.26939, 3.9801, 4.83493, 6.29115, 8.49478, 12.3272, 18.0696, 27.2464, 42.1887, 
wilson seq7:
28.4744, 0.373163, 0.0809472, 0.00978608, 0.0194048, -0.000690401, 0.0350692, 0.000975169, 0.022713, -0.0268345, 0.0375623, 0.0239219, -0.0694583, -0.0016723, -0.00854775, -0.0373425, -0.0315297, -0.0352869, -0.000814412, -0.072571, -0.128897, -0.072571, -0.000814412, -0.0352869, -0.0315297, -0.0373425, -0.00854775, -0.0016723, -0.0694583, 0.0239219, 0.0375623, -0.0268345, 0.022713, 0.000975169, 0.0350692, -0.000690401, 0.0194048, 0.00978608, 0.0809472, 0.373163, 
Plaqavg:
0.805976
m_0++ seq8:
58.3084, 2.33586, -1.14999, -1.57746, -1.51272, -1.75256, -1.73612, -1.75717, -2.0017, -1.7143, -1.73461, -1.78582, -1.80827, -1.64504, -1.95284, -1.7558, -1.56861, -1.83354, -1.72651, -1.61598, -1.72197, -1.61598, -1.72651, -1.83354, -1.56861, -1.7558, -1.95284, -1.64504, -1.80827, -1.78582, -1.73461, -1.7143, -2.0017, -1.75717, -1.73612, -1.75256, -1.51272, -1.57746, -1.14999, 2.33586, 
m_0-- seq8:
78.4234, 44.1485, 29.5366, 20.8256, 15.111, 10.7855, 8.14975, 6.7243, 6.3866, 6.43502, 6.40021, 6.74459, 6.16505, 5.86613, 5.40835, 5.27102, 4.804, 4.3652, 4.05615, 3.43809, 3.11763, 3.43809, 4.05615, 4.3652, 4.804, 5.27102, 5.40835, 5.86613, 6.16505, 6.74459, 6.40021, 6.43502, 6.3866, 6.7243, 8.14975, 10.7855, 15.111, 20.8256, 29.5366, 44.1485, 
wilson seq8:
28.5966, 0.346901, 0.0871107, -0.0552882, 0.0648801, 0.0195251, 0.0202072, 0.0119306, 0.0430292, 0.0076656, 0.0265922, 0.0532843, -0.000701143, 0.0259869, 0.0309341, 0.043526, 0.0463333, 0.0205867, 0.0102402, -0.0201077, 0.052549, -0.0201077, 0.0102402, 0.0205867, 0.0463333, 0.043526, 0.0309341, 0.0259869, -0.000701143, 0.0532843, 0.0265922, 0.0076656, 0.0430292, 0.0119306, 0.0202072, 0.0195251, 0.0648801, -0.0552882, 0.0871107, 0.346901, 
Plaqavg:
0.806085
m_0++ seq9:
58.4799, 2.75242, -1.21361, -1.57619, -1.77404, -1.73124, -1.87293, -1.69534, -1.55092, -1.6393, -1.96243, -1.65178, -1.75164, -1.74898, -1.76025, -1.90402, -1.7378, -1.91399, -1.88435, -1.64159, -1.964, -1.64159, -1.88435, -1.91399, -1.7378, -1.90402, -1.76025, -1.74898, -1.75164, -1.65178, -1.96243, -1.6393, -1.55092, -1.69534, -1.87293, -1.73124, -1.77404, -1.57619, -1.21361, 2.75242, 
m_0-- seq9:
79.7426, 44.3274, 27.6389, 17.9009, 10.9872, 6.46899, 3.24032, 0.41607, -2.17703, -3.37145, -3.2738, -2.32973, -1.11263, 0.0107306, 0.944163, 1.59859, 1.99005, 2.05141, 1.75173, 1.2314, 1.19461, 1.2314, 1.75173, 2.05141, 1.99005, 1.59859, 0.944163, 0.0107306, -1.11263, -2.32973, -3.2738, -3.37145, -2.17703, 0.41607, 3.24032, 6.46899, 10.9872, 17.9009, 27.6389, 44.3274, 
wilson seq9:
28.5227, 0.347593, 0.146195, -0.0316655, 0.0252402, -0.0319582, -0.00442369, 0.00940213, -0.0319064, -0.0351456, 0.0628315, -0.0297309, -0.0776622, 0.0386391, 0.0136027, -0.036035, -0.00666917, 0.0109195, -0.0369033, 0.00483992, -0.0233048, 0.00483992, -0.0369033, 0.0109195, -0.00666917, -0.036035, 0.0136027, 0.0386391, -0.0776622, -0.0297309, 0.0628315, -0.0351456, -0.0319064, 0.00940213, -0.00442369, -0.0319582, 0.0252402, -0.0316655, 0.146195, 0.347593, 
Plaqavg:
0.805952
m_0++ seq10:
58.1881, 2.37333, -0.981263, -1.60488, -1.53466, -1.62484, -1.7326, -1.66382, -1.85183, -1.96689, -2.04266, -1.9598, -1.78465, -1.81264, -1.6788, -1.60147, -1.57411, -1.71681, -1.77203, -1.61972, -1.88784, -1.61972, -1.77203, -1.71681, -1.57411, -1.60147, -1.6788, -1.81264, -1.78465, -1.9598, -2.04266, -1.96689, -1.85183, -1.66382, -1.7326, -1.62484, -1.53466, -1.60488, -0.981263, 2.37333, 
m_0-- seq10:
71.6835, 37.3922, 22.5913, 13.0268, 7.05445, 3.66707, 1.27494, -0.140386, -0.96066, -1.11339, -0.735317, -0.152996, 1.21602, 2.35439, 3.03055, 3.24245, 3.42494, 3.71887, 4.64219, 5.53348, 6.10272, 5.53348, 4.64219, 3.71887, 3.42494, 3.24245, 3.03055, 2.35439, 1.21602, -0.152996, -0.735317, -1.11339, -0.96066, -0.140386, 1.27494, 3.66707, 7.05445, 13.0268, 22.5913, 37.3922, 
wilson seq10:
28.5854, 0.372664, 0.00501157, -0.0289144, 0.000703508, -0.0577691, 0.052804, -0.0169139, 0.0205799, -0.00581826, 0.0164862, 0.0501058, 0.00321733, -0.00792171, -0.0300839, -0.0378002, 0.00781295, 0.0178254, 0.0906552, 0.055478, -0.011127, 0.055478, 0.0906552, 0.0178254, 0.00781295, -0.0378002, -0.0300839, -0.00792171, 0.00321733, 0.0501058, 0.0164862, -0.00581826, 0.0205799, -0.0169139, 0.052804, -0.0577691, 0.000703508, -0.0289144, 0.00501157, 0.372664, 
Plaqavg:
0.806159
m_0++ seq11:
58.2278, 2.57966, -1.13106, -1.46536, -1.53204, -1.71372, -1.90688, -1.90877, -1.90837, -1.66764, -1.83988, -1.83208, -1.56104, -1.59889, -1.76049, -1.87366, -1.84332, -1.7617, -1.79477, -1.71639, -1.75503, -1.71639, -1.79477, -1.7617, -1.84332, -1.87366, -1.76049, -1.59889, -1.56104, -1.83208, -1.83988, -1.66764, -1.90837, -1.90877, -1.90688, -1.71372, -1.53204, -1.46536, -1.13106, 2.57966, 
m_0-- seq11:
72.2274, 37.3493, 22.9647, 14.5228, 9.41654, 5.96946, 3.59481, 2.74134, 2.71788, 2.61439, 2.67471, 2.97845, 2.94894, 2.6413, 2.3577, 1.69003, 0.829051, -0.380568, -1.18484, -1.97583, -2.20554, -1.97583, -1.18484, -0.380568, 0.829051, 1.69003, 2.3577, 2.6413, 2.94894, 2.97845, 2.67471, 2.61439, 2.71788, 2.74134, 3.59481, 5.96946, 9.41654, 14.5228, 22.9647, 37.3493, 
wilson seq11:
28.5284, 0.38385, 0.0100528, 0.0335454, -0.0256601, -0.0312426, -0.0356956, 0.000123534, 0.004416, 0.00933446, 0.0050709, 0.0691274, -0.00247657, 0.0347359, 0.0292819, 0.0400268, -0.0224968, 0.0335717, -0.044821, -0.0337435, -0.0230773, -0.0337435, -0.044821, 0.0335717, -0.0224968, 0.0400268, 0.0292819, 0.0347359, -0.00247657, 0.0691274, 0.0050709, 0.00933446, 0.004416, 0.000123534, -0.0356956, -0.0312426, -0.0256601, 0.0335454, 0.0100528, 0.38385, 
Plaqavg:
0.805991
m_0++ seq12:
58.52, 2.4972, -0.853216, -1.41479, -1.62435, -1.70072, -1.65328, -1.84097, -1.84222, -1.8656, -1.71249, -1.6572, -1.70253, -1.90734, -1.96027, -1.86346, -1.83741, -1.85914, -1.65797, -1.81426, -1.9799, -1.81426, -1.65797, -1.85914, -1.83741, -1.86346, -1.96027, -1.90734, -1.70253, -1.6572, -1.71249, -1.8656, -1.84222, -1.84097, -1.65328, -1.70072, -1.62435, -1.41479, -0.853216, 2.4972, 
m_0-- seq12:
70.1272, 35.578, 20.5769, 11.7822, 6.75789, 3.51741, 1.86619, 0.738219, -0.175829, -1.14227, -1.44637, -1.21946, -1.22107, -0.764234, -0.205855, 0.374823, 0.807083, 1.0185, 1.55517, 1.55138, 1.37336, 1.55138, 1.55517, 1.0185, 0.807083, 0.374823, -0.205855, -0.764234, -1.22107, -1.21946, -1.44637, -1.14227, -0.175829, 0.738219, 1.86619, 3.51741, 6.75789, 11.7822, 20.5769, 35.578, 
wilson seq12:
28.5317, 0.400454, -0.00802827, 0.0237423, -0.0447239, 0.00133079, -0.00894101, 0.00615053, 0.0175352, -0.000686256, 0.0324044, -0.0493268, 0.0217679, -0.0554241, 0.00810991, -0.0197484, -0.022503, 0.0438011, -0.0226862, 0.043662, 0.0459233, 0.043662, -0.0226862, 0.0438011, -0.022503, -0.0197484, 0.00810991, -0.0554241, 0.0217679, -0.0493268, 0.0324044, -0.000686256, 0.0175352, 0.00615053, -0.00894101, 0.00133079, -0.0447239, 0.0237423, -0.00802827, 0.400454, 
Plaqavg:
0.806013
m_0++ seq13:
58.0019, 2.51647, -1.00871, -1.55608, -1.50676, -1.63885, -1.82159, -1.73798, -1.62533, -1.72691, -1.56657, -1.72082, -1.72302, -1.81631, -1.92523, -1.83105, -1.57073, -2.02654, -2.06579, -1.75741, -1.78346, -1.75741, -2.06579, -2.02654, -1.57073, -1.83105, -1.92523, -1.81631, -1.72302, -1.72082, -1.56657, -1.72691, -1.62533, -1.73798, -1.82159, -1.63885, -1.50676, -1.55608, -1.00871, 2.51647, 
m_0-- seq13:
75.6562, 40.5701, 24.4332, 14.4232, 8.47994, 5.14141, 3.49404, 2.18384, 1.00617, 0.151293, -0.853089, -1.96986, -2.55601, -2.94495, -2.89906, -2.88513, -3.02741, -2.78698, -2.572, -2.30988, -2.26168, -2.30988, -2.572, -2.78698, -3.02741, -2.88513, -2.89906, -2.94495, -2.55601, -1.96986, -0.853089, 0.151293, 1.00617, 2.18384, 3.49404, 5.14141, 8.47994, 14.4232, 24.4332, 40.5701, 
wilson seq13:
28.539, 0.345197, 0.0592261, 0.0104144, 0.0396974, -0.0233147, -0.0150709, -0.0354057, -0.0158829, -0.0102845, -0.0426255, 0.0196481, -0.00333955, -0.0249506, -0.0151998, 0.00934663, -0.0451184, -0.0131772, -0.0240131, 0.0364633, -0.013629, 0.0364633, -0.0240131, -0.0131772, -0.0451184, 0.00934663, -0.0151998, -0.0249506, -0.00333955, 0.0196481, -0.0426255, -0.0102845, -0.0158829, -0.0354057, -0.0150709, -0.0233147, 0.0396974, 0.0104144, 0.0592261, 0.345197, 
Plaqavg:
0.80607
m_0++ seq14:
58.2346, 2.34613, -1.14287, -1.48933, -1.59038, -1.47452, -1.58502, -1.6264, -1.8285, -1.86963, -1.67237, -2.05761, -1.92367, -1.76718, -1.59455, -1.9282, -1.92795, -1.8596, -1.74651, -1.68031, -1.39765, -1.68031, -1.74651, -1.8596, -1.92795, -1.9282, -1.59455, -1.76718, -1.92367, -2.05761, -1.67237, -1.86963, -1.8285, -1.6264, -1.58502, -1.47452, -1.59038, -1.48933, -1.14287, 2.34613, 
m_0-- seq14:
79.6313, 43.9384, 27.4832, 16.6338, 9.33838, 4.51709, 1.9688, 0.581592, -0.651094, -1.19214, -1.21028, -0.820227, 0.0037892, 0.613315, 1.37578, 2.33742, 2.94998, 3.82597, 4.62207, 4.98442, 5.10199, 4.98442, 4.62207, 3.82597, 2.94998, 2.33742, 1.37578, 0.613315, 0.0037892, -0.820227, -1.21028, -1.19214, -0.651094, 0.581592, 1.9688, 4.51709, 9.33838, 16.6338, 27.4832, 43.9384, 
wilson seq14:
28.4435, 0.286667, 0.0146632, 0.0487031, -0.00821903, -0.0348062, 0.000969004, 0.0393389, 0.0111951, -0.00603388, 0.0443512, 0.000802389, 0.0655584, 0.024699, -0.0571116, -0.0229794, -0.0158562, 0.00645235, -0.0165644, 0.0147552, 0.0352914, 0.0147552, -0.0165644, 0.00645235, -0.0158562, -0.0229794, -0.0571116, 0.024699, 0.0655584, 0.000802389, 0.0443512, -0.00603388, 0.0111951, 0.0393389, 0.000969004, -0.0348062, -0.00821903, 0.0487031, 0.0146632, 0.286667, 
Plaqavg:
0.805927

