Equilibriated:748
m_0++ seq29:
44.8024, 1.19039, -0.904059, -1.0983, -1.20915, -1.47655, -1.26879, -1.20215, -1.28882, -1.2981, -1.33881, -1.51141, -1.25274, -1.40517, -1.32255, -1.29685, -1.38878, -1.2146, -1.20727, -1.25325, -1.30842, -1.25325, -1.20727, -1.2146, -1.38878, -1.29685, -1.32255, -1.40517, -1.25274, -1.51141, -1.33881, -1.2981, -1.28882, -1.20215, -1.26879, -1.47655, -1.20915, -1.0983, -0.904059, 1.19039, 
m_0-- seq1:
43.9593, 27.0717, 19.9953, 15.4873, 12.5048, 10.67, 9.3182, 8.32762, 7.28872, 5.72421, 3.92754, 2.16339, 0.660945, -0.712493, -1.60354, -2.48267, -3.73172, -5.10295, -6.291, -6.71062, -6.71423, -6.71062, -6.291, -5.10295, -3.73172, -2.48267, -1.60354, -0.712493, 0.660945, 2.16339, 3.92754, 5.72421, 7.28872, 8.32762, 9.3182, 10.67, 12.5048, 15.4873, 19.9953, 27.0717, 
wilson seq1:
29.1031, 0.923567, 0.185059, 0.0574021, 0.0524182, -0.028752, 0.0173966, 0.0119065, -0.0984175, -0.029737, -0.0202294, -0.0159667, 0.0169826, 0.0492769, 0.0728905, 0.031903, -0.0336973, -0.0659248, 0.021686, 0.0733053, 0.0672254, 0.0733053, 0.021686, -0.0659248, -0.0336973, 0.031903, 0.0728905, 0.0492769, 0.0169826, -0.0159667, -0.0202294, -0.029737, -0.0984175, 0.0119065, 0.0173966, -0.028752, 0.0524182, 0.0574021, 0.185059, 0.923567, 
Plaqavg:
0.829493
m_0++ seq2:
44.3542, 1.22333, -0.990777, -1.2044, -1.0951, -1.29546, -1.37715, -1.30017, -1.26532, -1.22913, -1.27783, -1.42086, -1.33289, -1.26133, -1.317, -1.32161, -1.20775, -1.25516, -1.30133, -1.30891, -1.27649, -1.30891, -1.30133, -1.25516, -1.20775, -1.32161, -1.317, -1.26133, -1.33289, -1.42086, -1.27783, -1.22913, -1.26532, -1.30017, -1.37715, -1.29546, -1.0951, -1.2044, -0.990777, 1.22333, 
m_0-- seq2:
45.4781, 29.6713, 23.072, 17.8933, 13.6297, 10.2922, 7.74937, 5.6536, 3.738, 2.27346, 0.905891, -0.245185, -1.20769, -1.89367, -2.49341, -2.85494, -3.00008, -3.11197, -3.34932, -3.44573, -3.43893, -3.44573, -3.34932, -3.11197, -3.00008, -2.85494, -2.49341, -1.89367, -1.20769, -0.245185, 0.905891, 2.27346, 3.738, 5.6536, 7.74937, 10.2922, 13.6297, 17.8933, 23.072, 29.6713, 
wilson seq2:
29.1826, 0.901038, 0.283957, 0.0839555, 0.0439803, 0.042903, -0.0495425, 0.0106559, -0.0140187, -0.0591544, 0.0483315, -0.0637988, 0.0429164, 0.00432006, 0.000296731, -0.00644254, -0.00668914, 0.0350383, 0.00623663, -0.0184814, -0.0491142, -0.0184814, 0.00623663, 0.0350383, -0.00668914, -0.00644254, 0.000296731, 0.00432006, 0.0429164, -0.0637988, 0.0483315, -0.0591544, -0.0140187, 0.0106559, -0.0495425, 0.042903, 0.0439803, 0.0839555, 0.283957, 0.901038, 
Plaqavg:
0.82973
m_0++ seq3:
45.005, 1.20454, -1.02205, -1.49312, -1.34286, -1.25921, -1.348, -1.39201, -1.21319, -1.25797, -1.18468, -1.39119, -1.44171, -1.24627, -1.27668, -1.15552, -1.1573, -1.27239, -1.22221, -1.34582, -1.36968, -1.34582, -1.22221, -1.27239, -1.1573, -1.15552, -1.27668, -1.24627, -1.44171, -1.39119, -1.18468, -1.25797, -1.21319, -1.39201, -1.348, -1.25921, -1.34286, -1.49312, -1.02205, 1.20454, 
m_0-- seq3:
37.79, 20.8772, 14.1056, 9.28902, 6.05465, 3.95027, 2.70414, 1.59282, 1.05277, 0.886026, 1.18263, 1.47017, 1.68332, 2.02517, 2.26581, 2.52306, 2.51042, 2.20341, 1.85335, 1.51922, 1.55505, 1.51922, 1.85335, 2.20341, 2.51042, 2.52306, 2.26581, 2.02517, 1.68332, 1.47017, 1.18263, 0.886026, 1.05277, 1.59282, 2.70414, 3.95027, 6.05465, 9.28902, 14.1056, 20.8772, 
wilson seq3:
29.1675, 0.90231, 0.276179, 0.0246917, 0.075153, 0.0329228, 0.0107323, 0.00459044, 0.0201649, 0.0525077, -0.0127872, 0.0354205, 0.0506162, -0.022503, 0.0414202, -0.0129922, -0.0464825, 0.103618, -0.000484714, 0.0320302, -0.0637012, 0.0320302, -0.000484714, 0.103618, -0.0464825, -0.0129922, 0.0414202, -0.022503, 0.0506162, 0.0354205, -0.0127872, 0.0525077, 0.0201649, 0.00459044, 0.0107323, 0.0329228, 0.075153, 0.0246917, 0.276179, 0.90231, 
Plaqavg:
0.829489
m_0++ seq4:
44.9783, 1.24888, -1.08138, -1.22215, -1.24927, -1.26427, -1.19135, -1.02994, -1.45024, -1.53587, -1.27204, -1.10099, -1.4992, -1.4768, -1.36829, -1.22822, -1.22713, -1.3779, -1.34898, -1.23939, -1.14919, -1.23939, -1.34898, -1.3779, -1.22713, -1.22822, -1.36829, -1.4768, -1.4992, -1.10099, -1.27204, -1.53587, -1.45024, -1.02994, -1.19135, -1.26427, -1.24927, -1.22215, -1.08138, 1.24888, 
m_0-- seq4:
45.005, 28.5697, 21.8498, 17.0607, 13.436, 10.5694, 8.23041, 6.10465, 4.41098, 3.08267, 1.98593, 0.767644, -0.19624, -1.12381, -1.73671, -2.05108, -2.3015, -2.41409, -2.32709, -2.38494, -2.23544, -2.38494, -2.32709, -2.41409, -2.3015, -2.05108, -1.73671, -1.12381, -0.19624, 0.767644, 1.98593, 3.08267, 4.41098, 6.10465, 8.23041, 10.5694, 13.436, 17.0607, 21.8498, 28.5697, 
wilson seq4:
29.0899, 0.922411, 0.214057, 0.134055, -0.00316511, 0.0184016, 0.0607759, 0.0229484, -0.0390227, 0.041886, 0.0143, -0.039795, -0.0149187, 0.00149228, 0.0185117, -0.000516608, -0.0221229, -0.00851544, -0.0252749, 0.0125261, -0.113828, 0.0125261, -0.0252749, -0.00851544, -0.0221229, -0.000516608, 0.0185117, 0.00149228, -0.0149187, -0.039795, 0.0143, 0.041886, -0.0390227, 0.0229484, 0.0607759, 0.0184016, -0.00316511, 0.134055, 0.214057, 0.922411, 
Plaqavg:
0.82959
m_0++ seq5:
44.925, 1.42616, -0.874604, -1.05821, -1.38145, -1.41666, -1.5196, -1.4639, -1.33619, -1.33284, -1.30527, -1.34605, -1.39914, -1.16425, -1.32408, -1.20268, -1.28205, -1.2082, -1.40443, -1.28409, -1.16989, -1.28409, -1.40443, -1.2082, -1.28205, -1.20268, -1.32408, -1.16425, -1.39914, -1.34605, -1.30527, -1.33284, -1.33619, -1.4639, -1.5196, -1.41666, -1.38145, -1.05821, -0.874604, 1.42616, 
m_0-- seq5:
38.0394, 21.3469, 14.8498, 10.3275, 7.43435, 5.93084, 5.06378, 4.44763, 3.94095, 3.47996, 2.99604, 2.68109, 2.3457, 2.21365, 1.78809, 1.15874, 0.793131, 0.725819, 0.803942, 0.600019, 0.59159, 0.600019, 0.803942, 0.725819, 0.793131, 1.15874, 1.78809, 2.21365, 2.3457, 2.68109, 2.99604, 3.47996, 3.94095, 4.44763, 5.06378, 5.93084, 7.43435, 10.3275, 14.8498, 21.3469, 
wilson seq5:
29.2523, 0.870147, 0.209128, 0.105899, 0.0275907, -0.00368159, -0.0163881, -0.0108706, 0.0433898, 0.0542052, 0.0519626, -0.0219732, 0.0627384, -0.036873, -0.0204848, -0.037537, 0.0211046, 0.000816369, 0.0932324, 0.0606773, 0.0533273, 0.0606773, 0.0932324, 0.000816369, 0.0211046, -0.037537, -0.0204848, -0.036873, 0.0627384, -0.0219732, 0.0519626, 0.0542052, 0.0433898, -0.0108706, -0.0163881, -0.00368159, 0.0275907, 0.105899, 0.209128, 0.870147, 
Plaqavg:
0.829496
m_0++ seq1:
44.6719, 1.34959, -0.936226, -1.07437, -1.09592, -1.24856, -1.23902, -1.22975, -1.23164, -1.41758, -1.42592, -1.1122, -1.40561, -1.43637, -1.46071, -1.42897, -1.39481, -1.32622, -1.19645, -1.38489, -1.28065, -1.38489, -1.19645, -1.32622, -1.39481, -1.42897, -1.46071, -1.43637, -1.40561, -1.1122, -1.42592, -1.41758, -1.23164, -1.22975, -1.23902, -1.24856, -1.09592, -1.07437, -0.936226, 1.34959, 
m_0-- seq1:
47.0425, 29.9759, 22.6682, 17.0778, 12.5498, 8.9649, 6.2331, 4.16346, 2.52876, 1.35512, 0.296635, -0.583268, -1.0919, -1.19401, -1.12429, -1.06248, -0.871565, -0.356137, 0.486984, 1.01386, 1.36319, 1.01386, 0.486984, -0.356137, -0.871565, -1.06248, -1.12429, -1.19401, -1.0919, -0.583268, 0.296635, 1.35512, 2.52876, 4.16346, 6.2331, 8.9649, 12.5498, 17.0778, 22.6682, 29.9759, 
wilson seq1:
29.0555, 0.914955, 0.202583, 0.030937, -0.0394904, -0.022174, -0.0381669, -0.0529363, -0.0292859, -0.0616158, 0.0423002, -0.0122201, -0.0166704, 0.0183816, -0.0334184, -0.0353374, -0.0331042, -0.0111187, 0.00996339, -0.0151234, 0.011867, -0.0151234, 0.00996339, -0.0111187, -0.0331042, -0.0353374, -0.0334184, 0.0183816, -0.0166704, -0.0122201, 0.0423002, -0.0616158, -0.0292859, -0.0529363, -0.0381669, -0.022174, -0.0394904, 0.030937, 0.202583, 0.914955, 
Plaqavg:
0.829464
m_0++ seq2:
45.0019, 1.33481, -0.920796, -1.43854, -1.38513, -1.31452, -1.29346, -1.27446, -1.23275, -1.27641, -1.19059, -1.24154, -1.3014, -1.52115, -1.43448, -1.28548, -1.10697, -1.21621, -1.38355, -1.26583, -1.50505, -1.26583, -1.38355, -1.21621, -1.10697, -1.28548, -1.43448, -1.52115, -1.3014, -1.24154, -1.19059, -1.27641, -1.23275, -1.27446, -1.29346, -1.31452, -1.38513, -1.43854, -0.920796, 1.33481, 
m_0-- seq2:
46.2031, 29.1382, 21.902, 16.7435, 12.4661, 9.30502, 7.08868, 5.47638, 4.33787, 3.48524, 2.93902, 2.32346, 1.84188, 1.43227, 0.985906, 0.689479, 0.609486, 0.48897, 0.36728, 0.0452562, -0.0356869, 0.0452562, 0.36728, 0.48897, 0.609486, 0.689479, 0.985906, 1.43227, 1.84188, 2.32346, 2.93902, 3.48524, 4.33787, 5.47638, 7.08868, 9.30502, 12.4661, 16.7435, 21.902, 29.1382, 
wilson seq2:
29.1949, 0.970135, 0.233526, 0.0567246, -0.0130296, 0.077768, 0.0250921, 0.0140397, -0.0477604, -0.0568234, 0.0105883, 0.0541326, -0.0191465, -0.0232832, 0.0806951, 0.0527974, -0.0111296, -0.042425, 0.00527722, -0.00858791, 0.0651765, -0.00858791, 0.00527722, -0.042425, -0.0111296, 0.0527974, 0.0806951, -0.0232832, -0.0191465, 0.0541326, 0.0105883, -0.0568234, -0.0477604, 0.0140397, 0.0250921, 0.077768, -0.0130296, 0.0567246, 0.233526, 0.970135, 
Plaqavg:
0.82945
m_0++ seq3:
44.6879, 1.28729, -1.08871, -1.19624, -1.38352, -1.42605, -1.40577, -1.07902, -1.37086, -1.26941, -1.33497, -1.18979, -1.21362, -1.25914, -1.35145, -1.25584, -1.28101, -1.24177, -1.36573, -1.22155, -1.39357, -1.22155, -1.36573, -1.24177, -1.28101, -1.25584, -1.35145, -1.25914, -1.21362, -1.18979, -1.33497, -1.26941, -1.37086, -1.07902, -1.40577, -1.42605, -1.38352, -1.19624, -1.08871, 1.28729, 
m_0-- seq3:
47.6325, 31.1998, 24.2146, 19.1316, 15.2043, 12.1932, 10.1328, 8.94361, 8.06374, 7.56538, 7.21442, 6.63312, 5.72981, 4.54727, 3.42256, 2.34394, 1.70505, 1.71209, 1.89238, 2.01351, 2.02296, 2.01351, 1.89238, 1.71209, 1.70505, 2.34394, 3.42256, 4.54727, 5.72981, 6.63312, 7.21442, 7.56538, 8.06374, 8.94361, 10.1328, 12.1932, 15.2043, 19.1316, 24.2146, 31.1998, 
wilson seq3:
29.101, 0.898647, 0.209721, 0.0490829, 0.01245, -0.0573394, -0.0534812, 0.0940026, 0.0608393, 0.0298036, 0.0161963, 0.0828286, -0.0276074, -0.0125852, 0.0216833, 0.00164756, 0.0412617, -0.0144089, 0.0446102, -0.019101, -0.0241083, -0.019101, 0.0446102, -0.0144089, 0.0412617, 0.00164756, 0.0216833, -0.0125852, -0.0276074, 0.0828286, 0.0161963, 0.0298036, 0.0608393, 0.0940026, -0.0534812, -0.0573394, 0.01245, 0.0490829, 0.209721, 0.898647, 
Plaqavg:
0.829553
m_0++ seq4:
44.8666, 1.25206, -0.883461, -1.16028, -1.16981, -1.24677, -1.27959, -1.50844, -1.29441, -1.32799, -1.26052, -1.26715, -1.22782, -1.51493, -1.4253, -1.28298, -1.379, -1.31809, -1.23299, -1.2225, -1.36666, -1.2225, -1.23299, -1.31809, -1.379, -1.28298, -1.4253, -1.51493, -1.22782, -1.26715, -1.26052, -1.32799, -1.29441, -1.50844, -1.27959, -1.24677, -1.16981, -1.16028, -0.883461, 1.25206, 
m_0-- seq4:
44.2075, 27.1534, 19.823, 14.5329, 10.2697, 7.3017, 5.12855, 3.31296, 1.99284, 1.07375, 0.724178, 0.754274, 0.648583, 0.55878, 0.24908, 0.0722277, 0.0681888, 0.259509, 0.408248, 0.54866, 0.488975, 0.54866, 0.408248, 0.259509, 0.0681888, 0.0722277, 0.24908, 0.55878, 0.648583, 0.754274, 0.724178, 1.07375, 1.99284, 3.31296, 5.12855, 7.3017, 10.2697, 14.5329, 19.823, 27.1534, 
wilson seq4:
29.1212, 0.8525, 0.139346, 0.132549, -0.00309947, 0.0157599, 0.0592423, -0.0412104, 0.00849732, 0.0425091, 0.0710907, -0.000346909, -0.0793, -0.0463455, -0.0238551, -0.0292148, -0.0178819, -0.0459786, -0.0557191, -0.0525006, -0.0778578, -0.0525006, -0.0557191, -0.0459786, -0.0178819, -0.0292148, -0.0238551, -0.0463455, -0.0793, -0.000346909, 0.0710907, 0.0425091, 0.00849732, -0.0412104, 0.0592423, 0.0157599, -0.00309947, 0.132549, 0.139346, 0.8525, 
Plaqavg:
0.829405
m_0++ seq5:
44.9342, 1.2833, -0.851071, -1.33405, -1.1919, -1.26192, -1.29126, -1.2709, -1.28001, -1.19154, -1.25671, -1.1856, -1.43901, -1.30579, -1.32692, -1.36837, -1.41442, -1.2969, -1.31717, -1.44274, -1.44823, -1.44274, -1.31717, -1.2969, -1.41442, -1.36837, -1.32692, -1.30579, -1.43901, -1.1856, -1.25671, -1.19154, -1.28001, -1.2709, -1.29126, -1.26192, -1.1919, -1.33405, -0.851071, 1.2833, 
m_0-- seq5:
48.4502, 30.8181, 22.9667, 17.3057, 12.8944, 9.21916, 6.05858, 3.44211, 1.28172, -0.361109, -1.47497, -1.87261, -1.87303, -1.40931, -0.938709, -0.402751, 0.300774, 0.907734, 1.18901, 1.41022, 1.39104, 1.41022, 1.18901, 0.907734, 0.300774, -0.402751, -0.938709, -1.40931, -1.87303, -1.87261, -1.47497, -0.361109, 1.28172, 3.44211, 6.05858, 9.21916, 12.8944, 17.3057, 22.9667, 30.8181, 
wilson seq5:
29.0771, 0.871565, 0.23989, 0.0303914, 0.0395387, 0.0406386, 0.0485056, -0.0196572, -0.0383888, -0.0324281, 0.0132077, 0.0353507, -0.0223472, 0.0575189, 0.0897745, -0.00164389, 0.0220886, -0.0287382, 0.0443119, -0.0639877, -0.032367, -0.0639877, 0.0443119, -0.0287382, 0.0220886, -0.00164389, 0.0897745, 0.0575189, -0.0223472, 0.0353507, 0.0132077, -0.0324281, -0.0383888, -0.0196572, 0.0485056, 0.0406386, 0.0395387, 0.0303914, 0.23989, 0.871565, 
Plaqavg:
0.829381
m_0++ seq1:
44.7895, 1.41929, -0.814162, -1.00089, -1.19162, -1.43157, -1.38544, -1.25126, -1.30152, -1.1982, -1.25879, -1.21228, -1.37147, -1.36202, -1.21866, -1.40719, -1.4489, -1.50133, -1.35975, -1.39647, -1.40502, -1.39647, -1.35975, -1.50133, -1.4489, -1.40719, -1.21866, -1.36202, -1.37147, -1.21228, -1.25879, -1.1982, -1.30152, -1.25126, -1.38544, -1.43157, -1.19162, -1.00089, -0.814162, 1.41929, 
m_0-- seq1:
51.0834, 34.0445, 27.1007, 22.3377, 18.7545, 15.9364, 13.7817, 12.438, 11.7217, 11.5194, 10.8472, 9.97718, 9.20952, 8.70502, 8.22921, 7.57748, 7.23389, 7.03839, 6.98799, 7.31077, 7.43116, 7.31077, 6.98799, 7.03839, 7.23389, 7.57748, 8.22921, 8.70502, 9.20952, 9.97718, 10.8472, 11.5194, 11.7217, 12.438, 13.7817, 15.9364, 18.7545, 22.3377, 27.1007, 34.0445, 
wilson seq1:
29.1546, 0.877876, 0.203032, 0.0891834, 0.0505382, 0.0720818, 0.0737844, 0.049203, 0.0207643, -0.0118026, 0.0176134, -0.0440111, -0.00908939, -0.0532127, -0.0996536, 0.0411649, -0.0738876, 0.0445149, -0.0749304, -0.0298504, -0.0438142, -0.0298504, -0.0749304, 0.0445149, -0.0738876, 0.0411649, -0.0996536, -0.0532127, -0.00908939, -0.0440111, 0.0176134, -0.0118026, 0.0207643, 0.049203, 0.0737844, 0.0720818, 0.0505382, 0.0891834, 0.203032, 0.877876, 
Plaqavg:
0.829415
m_0++ seq2:
44.6508, 1.23632, -1.0643, -1.16073, -0.933641, -1.35037, -1.43501, -1.34092, -1.44041, -1.25428, -1.28741, -1.27888, -1.05995, -1.47373, -1.41593, -1.40417, -1.33292, -1.23592, -1.22027, -1.23015, -1.2855, -1.23015, -1.22027, -1.23592, -1.33292, -1.40417, -1.41593, -1.47373, -1.05995, -1.27888, -1.28741, -1.25428, -1.44041, -1.34092, -1.43501, -1.35037, -0.933641, -1.16073, -1.0643, 1.23632, 
m_0-- seq2:
45.6944, 28.5558, 20.6757, 14.4908, 9.44326, 5.5139, 2.49516, 0.23751, -1.10985, -1.89853, -1.86831, -1.56376, -0.940994, -0.218455, 0.619207, 1.69061, 2.36156, 2.91262, 3.14206, 3.35797, 3.50822, 3.35797, 3.14206, 2.91262, 2.36156, 1.69061, 0.619207, -0.218455, -0.940994, -1.56376, -1.86831, -1.89853, -1.10985, 0.23751, 2.49516, 5.5139, 9.44326, 14.4908, 20.6757, 28.5558, 
wilson seq2:
29.1754, 1.01138, 0.188696, 0.0541008, 0.0533125, 0.0547076, 0.0117962, 0.0637137, 0.0390335, 0.00731081, 0.0233563, 0.0393069, 0.0504702, -0.0467346, 0.0315004, 0.0666249, 0.0090127, 0.00679932, -0.0607087, -0.00631052, 0.0188892, -0.00631052, -0.0607087, 0.00679932, 0.0090127, 0.0666249, 0.0315004, -0.0467346, 0.0504702, 0.0393069, 0.0233563, 0.00731081, 0.0390335, 0.0637137, 0.0117962, 0.0547076, 0.0533125, 0.0541008, 0.188696, 1.01138, 
Plaqavg:
0.82948
m_0++ seq3:
44.8203, 1.27652, -1.00771, -1.29774, -1.35237, -1.26224, -1.23409, -1.18435, -1.23672, -1.32088, -1.27595, -1.46956, -1.40646, -1.20495, -1.35865, -1.35771, -1.44327, -1.25728, -1.36762, -1.12117, -1.05593, -1.12117, -1.36762, -1.25728, -1.44327, -1.35771, -1.35865, -1.20495, -1.40646, -1.46956, -1.27595, -1.32088, -1.23672, -1.18435, -1.23409, -1.26224, -1.35237, -1.29774, -1.00771, 1.27652, 
m_0-- seq3:
50.7428, 32.3332, 22.8563, 15.323, 9.80106, 5.9218, 3.19434, 1.26353, -0.242266, -1.29997, -1.96406, -2.13155, -2.05269, -1.73874, -1.32917, -0.924628, -0.818904, -0.861132, -1.22631, -1.88245, -2.07588, -1.88245, -1.22631, -0.861132, -0.818904, -0.924628, -1.32917, -1.73874, -2.05269, -2.13155, -1.96406, -1.29997, -0.242266, 1.26353, 3.19434, 5.9218, 9.80106, 15.323, 22.8563, 32.3332, 
wilson seq3:
29.0998, 0.868039, 0.265608, 0.115969, 0.0644176, 0.0143416, -0.013885, -0.0997907, -0.00391008, -0.025106, 0.068442, -0.00448396, -0.0397594, 0.0173553, -0.0265919, 0.0112748, 0.0996921, -0.0198181, 0.0149008, 0.0553807, 0.0234145, 0.0553807, 0.0149008, -0.0198181, 0.0996921, 0.0112748, -0.0265919, 0.0173553, -0.0397594, -0.00448396, 0.068442, -0.025106, -0.00391008, -0.0997907, -0.013885, 0.0143416, 0.0644176, 0.115969, 0.265608, 0.868039, 
Plaqavg:
0.829374
m_0++ seq4:
44.6854, 1.18269, -0.96801, -1.15644, -1.21613, -1.09479, -1.31463, -1.31334, -1.40436, -1.32267, -1.31228, -1.2786, -1.29924, -1.46616, -1.22701, -1.25228, -1.36654, -1.19462, -1.30229, -1.31463, -1.44272, -1.31463, -1.30229, -1.19462, -1.36654, -1.25228, -1.22701, -1.46616, -1.29924, -1.2786, -1.31228, -1.32267, -1.40436, -1.31334, -1.31463, -1.09479, -1.21613, -1.15644, -0.96801, 1.18269, 
m_0-- seq4:
40.6414, 24.1842, 17.8881, 13.5057, 10.5383, 8.60028, 7.46463, 6.3101, 5.37478, 4.46077, 3.86351, 3.49937, 2.86588, 2.12024, 1.3589, 0.642222, -0.418787, -1.51656, -2.36825, -2.92607, -3.22957, -2.92607, -2.36825, -1.51656, -0.418787, 0.642222, 1.3589, 2.12024, 2.86588, 3.49937, 3.86351, 4.46077, 5.37478, 6.3101, 7.46463, 8.60028, 10.5383, 13.5057, 17.8881, 24.1842, 
wilson seq4:
29.0262, 0.88475, 0.142711, 0.0282031, 0.0734241, 0.000995958, -0.0977929, -0.0361985, 0.0313628, 0.0188415, -0.0271372, -0.0425871, 0.0653702, 0.0128306, 0.0171417, 0.00506837, -0.0245629, 0.0454457, 0.0412996, 0.0326183, -0.0132744, 0.0326183, 0.0412996, 0.0454457, -0.0245629, 0.00506837, 0.0171417, 0.0128306, 0.0653702, -0.0425871, -0.0271372, 0.0188415, 0.0313628, -0.0361985, -0.0977929, 0.000995958, 0.0734241, 0.0282031, 0.142711, 0.88475, 
Plaqavg:
0.829564
m_0++ seq5:
44.5724, 1.40575, -1.00204, -1.19105, -1.22744, -1.24307, -1.40688, -1.42529, -1.37656, -1.23349, -1.23774, -1.32898, -1.18321, -1.25342, -1.18962, -1.42816, -1.26838, -1.40908, -1.39181, -1.181, -1.42949, -1.181, -1.39181, -1.40908, -1.26838, -1.42816, -1.18962, -1.25342, -1.18321, -1.32898, -1.23774, -1.23349, -1.37656, -1.42529, -1.40688, -1.24307, -1.22744, -1.19105, -1.00204, 1.40575, 
m_0-- seq5:
43.26, 27.0234, 20.3352, 15.4594, 11.6228, 8.89411, 6.74109, 5.27808, 4.38535, 4.0012, 3.8108, 3.58669, 3.19675, 2.61082, 1.77192, 0.885068, 0.196125, -0.312995, -0.569141, -0.526744, -0.4645, -0.526744, -0.569141, -0.312995, 0.196125, 0.885068, 1.77192, 2.61082, 3.19675, 3.58669, 3.8108, 4.0012, 4.38535, 5.27808, 6.74109, 8.89411, 11.6228, 15.4594, 20.3352, 27.0234, 
wilson seq5:
29.2337, 0.971699, 0.215729, 0.0850082, 0.0143656, 0.0137406, 0.0345347, -0.0382034, 0.0135348, 0.000254449, -0.0209709, 0.0319588, 0.00523821, 0.00430448, -0.0366622, -0.070896, -0.0130425, 0.0207029, 0.0726067, 0.0609228, -0.0168609, 0.0609228, 0.0726067, 0.0207029, -0.0130425, -0.070896, -0.0366622, 0.00430448, 0.00523821, 0.0319588, -0.0209709, 0.000254449, 0.0135348, -0.0382034, 0.0345347, 0.0137406, 0.0143656, 0.0850082, 0.215729, 0.971699, 
Plaqavg:
0.829572
m_0++ seq1:
44.7579, 1.533, -1.031, -1.29385, -1.23987, -1.19908, -1.279, -1.30465, -1.35087, -1.31802, -1.14884, -1.26154, -1.29528, -1.2603, -1.25367, -1.16371, -1.36045, -1.61774, -1.44534, -1.40026, -1.37693, -1.40026, -1.44534, -1.61774, -1.36045, -1.16371, -1.25367, -1.2603, -1.29528, -1.26154, -1.14884, -1.31802, -1.35087, -1.30465, -1.279, -1.19908, -1.23987, -1.29385, -1.031, 1.533, 
m_0-- seq1:
54.2938, 37.5469, 30.5036, 25.3992, 21.9664, 19.6387, 17.7985, 15.888, 13.9465, 11.6727, 9.97351, 8.76657, 8.03204, 7.33772, 6.61818, 5.84247, 4.84371, 3.99623, 3.47333, 3.17714, 3.10658, 3.17714, 3.47333, 3.99623, 4.84371, 5.84247, 6.61818, 7.33772, 8.03204, 8.76657, 9.97351, 11.6727, 13.9465, 15.888, 17.7985, 19.6387, 21.9664, 25.3992, 30.5036, 37.5469, 
wilson seq1:
29.1734, 0.916878, 0.204076, 0.0920278, 0.0289341, 0.0183221, 0.00471406, 0.0373261, 0.0171759, -0.0283591, 0.0510602, 0.0842711, 0.00205087, 0.0237898, 0.00658727, 0.0249283, -0.0345987, 0.0171137, -0.0811276, 0.0378951, 0.043686, 0.0378951, -0.0811276, 0.0171137, -0.0345987, 0.0249283, 0.00658727, 0.0237898, 0.00205087, 0.0842711, 0.0510602, -0.0283591, 0.0171759, 0.0373261, 0.00471406, 0.0183221, 0.0289341, 0.0920278, 0.204076, 0.916878, 
Plaqavg:
0.829551
m_0++ seq2:
44.9107, 1.25474, -0.846859, -1.15963, -1.15137, -1.29108, -1.19337, -1.30738, -1.37599, -1.28293, -1.30353, -1.40999, -1.39319, -1.28599, -1.53129, -1.29142, -1.37487, -1.3326, -1.24287, -1.18828, -1.49494, -1.18828, -1.24287, -1.3326, -1.37487, -1.29142, -1.53129, -1.28599, -1.39319, -1.40999, -1.30353, -1.28293, -1.37599, -1.30738, -1.19337, -1.29108, -1.15137, -1.15963, -0.846859, 1.25474, 
m_0-- seq2:
47.8493, 30.9769, 23.942, 18.6217, 14.7173, 11.6674, 9.21619, 7.55421, 6.05849, 5.22159, 4.3295, 3.41336, 2.49635, 1.49433, 0.47458, -0.317016, -0.812739, -1.15784, -1.20173, -0.943029, -0.701299, -0.943029, -1.20173, -1.15784, -0.812739, -0.317016, 0.47458, 1.49433, 2.49635, 3.41336, 4.3295, 5.22159, 6.05849, 7.55421, 9.21619, 11.6674, 14.7173, 18.6217, 23.942, 30.9769, 
wilson seq2:
29.184, 0.83845, 0.176636, 0.0717624, 0.0179708, 0.0814034, 0.0131025, -0.00219778, 0.0665447, -0.0241057, 0.00497217, 0.0183374, 0.00241896, -0.00577105, -0.00934216, 0.0298931, 0.00134245, 0.0472238, -0.0354669, 0.053151, -0.00405078, 0.053151, -0.0354669, 0.0472238, 0.00134245, 0.0298931, -0.00934216, -0.00577105, 0.00241896, 0.0183374, 0.00497217, -0.0241057, 0.0665447, -0.00219778, 0.0131025, 0.0814034, 0.0179708, 0.0717624, 0.176636, 0.83845, 
Plaqavg:
0.82952
m_0++ seq3:
44.9402, 1.17059, -1.09204, -1.37482, -1.40259, -1.27181, -1.41818, -1.38341, -1.23413, -1.36521, -1.32641, -1.25623, -1.18366, -1.32646, -1.20165, -1.16612, -1.19253, -1.24557, -1.18775, -1.37015, -1.28391, -1.37015, -1.18775, -1.24557, -1.19253, -1.16612, -1.20165, -1.32646, -1.18366, -1.25623, -1.32641, -1.36521, -1.23413, -1.38341, -1.41818, -1.27181, -1.40259, -1.37482, -1.09204, 1.17059, 
m_0-- seq3:
49.6983, 32.4576, 24.5244, 18.1543, 12.999, 9.13033, 6.0715, 3.74868, 1.90254, 0.51286, -0.262142, -1.1334, -1.86057, -2.42392, -2.83781, -2.87403, -2.88268, -2.93206, -3.10717, -3.41999, -3.57071, -3.41999, -3.10717, -2.93206, -2.88268, -2.87403, -2.83781, -2.42392, -1.86057, -1.1334, -0.262142, 0.51286, 1.90254, 3.74868, 6.0715, 9.13033, 12.999, 18.1543, 24.5244, 32.4576, 
wilson seq3:
29.154, 0.87721, 0.192404, 0.0483041, -0.00122398, -0.0481436, -0.0471014, -0.0126629, -0.0261456, 0.0315726, 0.00716863, 0.046875, -0.0790558, 0.0011603, 0.0172383, -0.0264255, -0.0301393, 0.0300998, -0.0752081, -0.0230281, 0.0677207, -0.0230281, -0.0752081, 0.0300998, -0.0301393, -0.0264255, 0.0172383, 0.0011603, -0.0790558, 0.046875, 0.00716863, 0.0315726, -0.0261456, -0.0126629, -0.0471014, -0.0481436, -0.00122398, 0.0483041, 0.192404, 0.87721, 
Plaqavg:
0.829463
m_0++ seq4:
44.5903, 1.23084, -1.01666, -1.31671, -1.3057, -1.29433, -1.18987, -1.29608, -1.26425, -1.22177, -1.36874, -1.23923, -1.29491, -1.2356, -1.40223, -1.32551, -1.21369, -1.41696, -1.2605, -1.24219, -1.24206, -1.24219, -1.2605, -1.41696, -1.21369, -1.32551, -1.40223, -1.2356, -1.29491, -1.23923, -1.36874, -1.22177, -1.26425, -1.29608, -1.18987, -1.29433, -1.3057, -1.31671, -1.01666, 1.23084, 
m_0-- seq4:
56.7385, 39.4438, 31.6638, 25.3707, 20.1138, 15.4341, 11.1801, 7.38245, 4.35373, 2.2342, 0.723452, -0.492145, -1.37622, -2.24333, -3.06419, -3.80733, -4.13097, -4.24007, -4.47688, -4.55368, -4.44989, -4.55368, -4.47688, -4.24007, -4.13097, -3.80733, -3.06419, -2.24333, -1.37622, -0.492145, 0.723452, 2.2342, 4.35373, 7.38245, 11.1801, 15.4341, 20.1138, 25.3707, 31.6638, 39.4438, 
wilson seq4:
29.1496, 0.871299, 0.198629, 0.0684052, -0.000289037, -0.0364081, -0.0275484, 0.00875664, 0.00294616, 0.0121893, 0.000392759, -0.0122045, 0.0233629, -0.0290792, -0.00561162, 0.000488035, 0.0225187, 0.0512213, -0.0504656, -0.00696122, -0.0527738, -0.00696122, -0.0504656, 0.0512213, 0.0225187, 0.000488035, -0.00561162, -0.0290792, 0.0233629, -0.0122045, 0.000392759, 0.0121893, 0.00294616, 0.00875664, -0.0275484, -0.0364081, -0.000289037, 0.0684052, 0.198629, 0.871299, 
Plaqavg:
0.829456
m_0++ seq5:
44.7913, 1.35138, -0.964645, -1.15629, -1.27608, -1.31778, -1.35387, -1.1536, -1.2846, -1.25315, -1.38645, -1.345, -1.40044, -1.28942, -1.23765, -1.23143, -1.46177, -1.3435, -1.27081, -1.43508, -1.17086, -1.43508, -1.27081, -1.3435, -1.46177, -1.23143, -1.23765, -1.28942, -1.40044, -1.345, -1.38645, -1.25315, -1.2846, -1.1536, -1.35387, -1.31778, -1.27608, -1.15629, -0.964645, 1.35138, 
m_0-- seq5:
42.2857, 24.5589, 16.3989, 10.1575, 5.36214, 1.71698, -0.725944, -2.18775, -2.46213, -2.3193, -2.14451, -2.22551, -2.54631, -2.79921, -2.6142, -2.25307, -1.83565, -1.26446, -0.682157, -0.157001, 0.037619, -0.157001, -0.682157, -1.26446, -1.83565, -2.25307, -2.6142, -2.79921, -2.54631, -2.22551, -2.14451, -2.3193, -2.46213, -2.18775, -0.725944, 1.71698, 5.36214, 10.1575, 16.3989, 24.5589, 
wilson seq5:
29.1016, 0.859375, 0.179791, 0.0858521, 0.0200142, -0.0521991, -0.0073355, 0.0166914, 0.0194594, 0.0121024, 0.0452288, 0.0434188, 0.033778, 0.0707114, 0.0291338, -0.00633719, -0.0104022, -0.0339618, 0.0191321, 0.0160448, 0.0528131, 0.0160448, 0.0191321, -0.0339618, -0.0104022, -0.00633719, 0.0291338, 0.0707114, 0.033778, 0.0434188, 0.0452288, 0.0121024, 0.0194594, 0.0166914, -0.0073355, -0.0521991, 0.0200142, 0.0858521, 0.179791, 0.859375, 
Plaqavg:
0.829378
m_0++ seq1:
44.8296, 1.05489, -1.11185, -1.30492, -1.18838, -1.25266, -1.22066, -1.29073, -1.31617, -1.19305, -1.2479, -1.36262, -1.35833, -1.3023, -1.24501, -1.31761, -1.2736, -1.23818, -1.3504, -1.26232, -1.26601, -1.26232, -1.3504, -1.23818, -1.2736, -1.31761, -1.24501, -1.3023, -1.35833, -1.36262, -1.2479, -1.19305, -1.31617, -1.29073, -1.22066, -1.25266, -1.18838, -1.30492, -1.11185, 1.05489, 
m_0-- seq1:
43.1452, 26.1469, 19.1796, 14.5081, 11.2224, 9.17784, 7.43542, 5.87636, 4.1679, 2.51254, 1.06315, -0.0659818, -0.825452, -0.968885, -0.692032, -0.1828, 0.166278, 0.371178, 0.924892, 1.6495, 2.03275, 1.6495, 0.924892, 0.371178, 0.166278, -0.1828, -0.692032, -0.968885, -0.825452, -0.0659818, 1.06315, 2.51254, 4.1679, 5.87636, 7.43542, 9.17784, 11.2224, 14.5081, 19.1796, 26.1469, 
wilson seq1:
29.0551, 0.79302, 0.20636, 0.0829295, -0.0284092, 0.0122472, 0.0240267, -0.000276875, -0.0728544, -0.0429601, -0.0225347, 0.0130393, 0.00735145, 0.0187184, -0.00722812, 0.0419413, 0.0424531, -0.0100966, 0.0379574, -0.00966549, -0.0382433, -0.00966549, 0.0379574, -0.0100966, 0.0424531, 0.0419413, -0.00722812, 0.0187184, 0.00735145, 0.0130393, -0.0225347, -0.0429601, -0.0728544, -0.000276875, 0.0240267, 0.0122472, -0.0284092, 0.0829295, 0.20636, 0.79302, 
Plaqavg:
0.829417
m_0++ seq2:
45.0728, 1.30573, -0.931152, -1.14966, -1.40833, -1.29425, -1.30537, -1.32823, -1.18719, -1.32933, -1.27219, -1.36567, -1.36045, -1.4951, -1.26433, -1.45199, -1.42238, -1.249, -1.23502, -1.10749, -1.36997, -1.10749, -1.23502, -1.249, -1.42238, -1.45199, -1.26433, -1.4951, -1.36045, -1.36567, -1.27219, -1.32933, -1.18719, -1.32823, -1.30537, -1.29425, -1.40833, -1.14966, -0.931152, 1.30573, 
m_0-- seq2:
53.0143, 35.2168, 27.4762, 21.7603, 17.3468, 14.5046, 12.4636, 10.8205, 9.68387, 8.86928, 8.35228, 8.34784, 8.51977, 8.95584, 9.04742, 9.08339, 9.14409, 8.95921, 9.35613, 9.72748, 9.84137, 9.72748, 9.35613, 8.95921, 9.14409, 9.08339, 9.04742, 8.95584, 8.51977, 8.34784, 8.35228, 8.86928, 9.68387, 10.8205, 12.4636, 14.5046, 17.3468, 21.7603, 27.4762, 35.2168, 
wilson seq2:
29.1148, 0.835107, 0.206807, 0.0571297, 0.00651372, 0.00233331, -0.0341513, -0.00789737, -0.00507617, 0.0438602, -0.0130469, -0.00374176, -0.0104682, -0.0314188, -0.0198203, -0.0747061, -0.0445741, -0.0751057, 0.0536904, -0.0282081, -0.0623352, -0.0282081, 0.0536904, -0.0751057, -0.0445741, -0.0747061, -0.0198203, -0.0314188, -0.0104682, -0.00374176, -0.0130469, 0.0438602, -0.00507617, -0.00789737, -0.0341513, 0.00233331, 0.00651372, 0.0571297, 0.206807, 0.835107, 
Plaqavg:
0.829319
m_0++ seq3:
44.6905, 1.37749, -1.08739, -1.14991, -1.13782, -1.34344, -1.28695, -1.61698, -1.36981, -1.43648, -1.30039, -1.24222, -1.19791, -1.13454, -1.17715, -1.4117, -1.31758, -1.39378, -1.32118, -1.21047, -1.17411, -1.21047, -1.32118, -1.39378, -1.31758, -1.4117, -1.17715, -1.13454, -1.19791, -1.24222, -1.30039, -1.43648, -1.36981, -1.61698, -1.28695, -1.34344, -1.13782, -1.14991, -1.08739, 1.37749, 
m_0-- seq3:
47.1151, 30.5459, 23.5282, 18.0884, 13.6646, 10.2815, 7.69688, 5.83915, 4.5307, 3.43318, 2.39654, 1.64353, 1.13852, 0.950271, 1.12891, 1.43346, 1.63822, 1.65213, 1.86978, 2.26806, 2.45327, 2.26806, 1.86978, 1.65213, 1.63822, 1.43346, 1.12891, 0.950271, 1.13852, 1.64353, 2.39654, 3.43318, 4.5307, 5.83915, 7.69688, 10.2815, 13.6646, 18.0884, 23.5282, 30.5459, 
wilson seq3:
29.1296, 0.886354, 0.198868, -0.029561, 0.0504019, 0.0180394, 0.0292389, -0.01019, -0.0301279, 0.0133975, 0.0209301, 0.0644899, -0.00295109, -0.00575258, -0.000497003, 0.0149628, 0.0134348, -0.0313597, -0.0571159, -0.0392455, 0.0378413, -0.0392455, -0.0571159, -0.0313597, 0.0134348, 0.0149628, -0.000497003, -0.00575258, -0.00295109, 0.0644899, 0.0209301, 0.0133975, -0.0301279, -0.01019, 0.0292389, 0.0180394, 0.0504019, -0.029561, 0.198868, 0.886354, 
Plaqavg:
0.82951
m_0++ seq4:
44.8181, 1.37344, -1.00386, -1.1967, -1.12484, -1.37992, -1.15551, -1.33754, -1.20128, -1.28332, -1.22976, -1.47562, -1.41785, -1.33347, -1.28763, -1.36812, -1.3237, -1.42893, -1.27706, -1.29371, -1.32729, -1.29371, -1.27706, -1.42893, -1.3237, -1.36812, -1.28763, -1.33347, -1.41785, -1.47562, -1.22976, -1.28332, -1.20128, -1.33754, -1.15551, -1.37992, -1.12484, -1.1967, -1.00386, 1.37344, 
m_0-- seq4:
41.6646, 24.7985, 17.6127, 12.447, 8.64218, 5.82415, 3.73925, 2.31191, 1.29871, 0.685783, 0.137096, -0.213844, -0.892464, -1.41763, -1.89765, -2.59915, -3.56517, -4.63127, -5.79612, -6.79083, -7.19517, -6.79083, -5.79612, -4.63127, -3.56517, -2.59915, -1.89765, -1.41763, -0.892464, -0.213844, 0.137096, 0.685783, 1.29871, 2.31191, 3.73925, 5.82415, 8.64218, 12.447, 17.6127, 24.7985, 
wilson seq4:
29.0979, 0.931164, 0.176939, 0.126394, -0.00584202, -0.0132033, 0.00761207, 0.0596335, -0.0235439, 0.00494662, -0.0809614, -0.011791, -0.0530982, 0.0351986, 0.0234039, -0.062257, -0.00956626, 0.0125818, 0.00884057, 0.0822492, 0.0498743, 0.0822492, 0.00884057, 0.0125818, -0.00956626, -0.062257, 0.0234039, 0.0351986, -0.0530982, -0.011791, -0.0809614, 0.00494662, -0.0235439, 0.0596335, 0.00761207, -0.0132033, -0.00584202, 0.126394, 0.176939, 0.931164, 
Plaqavg:
0.829481
m_0++ seq5:
44.8997, 1.23887, -1.0447, -1.17332, -1.27408, -1.40468, -1.15471, -1.35782, -1.04581, -1.35172, -1.3402, -1.24832, -1.21635, -1.55945, -1.33465, -1.41899, -1.20099, -1.2806, -1.37832, -1.35864, -1.09082, -1.35864, -1.37832, -1.2806, -1.20099, -1.41899, -1.33465, -1.55945, -1.21635, -1.24832, -1.3402, -1.35172, -1.04581, -1.35782, -1.15471, -1.40468, -1.27408, -1.17332, -1.0447, 1.23887, 
m_0-- seq5:
49.8352, 33.4754, 27.1372, 22.2911, 18.5536, 15.6227, 13.4307, 11.3307, 9.3747, 7.6742, 6.36053, 5.37115, 4.54671, 3.9701, 3.51918, 3.28609, 3.26239, 3.29717, 3.29805, 3.38321, 3.44639, 3.38321, 3.29805, 3.29717, 3.26239, 3.28609, 3.51918, 3.9701, 4.54671, 5.37115, 6.36053, 7.6742, 9.3747, 11.3307, 13.4307, 15.6227, 18.5536, 22.2911, 27.1372, 33.4754, 
wilson seq5:
29.0976, 0.875548, 0.186822, 0.0546789, -0.0247155, -0.0794974, 0.0781788, 0.0640034, -0.016784, 0.0632305, 0.0583173, -0.0292559, -0.0525917, 0.00686513, -0.0492062, 0.0153511, 0.0363128, -0.0617724, -0.009336, 0.00298705, -0.0538786, 0.00298705, -0.009336, -0.0617724, 0.0363128, 0.0153511, -0.0492062, 0.00686513, -0.0525917, -0.0292559, 0.0583173, 0.0632305, -0.016784, 0.0640034, 0.0781788, -0.0794974, -0.0247155, 0.0546789, 0.186822, 0.875548, 
Plaqavg:
0.829582
m_0++ seq6:
44.9037, 1.25032, -0.953834, -1.16311, -1.25452, -1.1477, -1.35234, -1.23881, -1.38655, -1.3492, -1.41627, -1.31852, -1.41573, -1.16685, -1.34004, -1.31494, -1.40538, -1.09572, -1.3541, -1.2128, -1.6315, -1.2128, -1.3541, -1.09572, -1.40538, -1.31494, -1.34004, -1.16685, -1.41573, -1.31852, -1.41627, -1.3492, -1.38655, -1.23881, -1.35234, -1.1477, -1.25452, -1.16311, -0.953834, 1.25032, 
m_0-- seq6:
45.5613, 28.3661, 20.6537, 15.1713, 11.3935, 8.8541, 7.15294, 5.8443, 4.88537, 4.11324, 3.4769, 3.03792, 2.51324, 1.64857, 0.892858, 0.71362, 0.883977, 1.12515, 1.22146, 1.05058, 0.735565, 1.05058, 1.22146, 1.12515, 0.883977, 0.71362, 0.892858, 1.64857, 2.51324, 3.03792, 3.4769, 4.11324, 4.88537, 5.8443, 7.15294, 8.8541, 11.3935, 15.1713, 20.6537, 28.3661, 
wilson seq6:
29.0947, 0.897783, 0.217877, 0.0486825, -0.0605979, 0.00286638, -0.00588218, -0.0462622, -0.0412332, 0.02335, 0.0173362, 0.0424532, 0.0287476, -0.016486, 0.00257351, -0.0892044, 0.00925035, -0.0479436, -0.00473379, -0.0145627, -0.00847192, -0.0145627, -0.00473379, -0.0479436, 0.00925035, -0.0892044, 0.00257351, -0.016486, 0.0287476, 0.0424532, 0.0173362, 0.02335, -0.0412332, -0.0462622, -0.00588218, 0.00286638, -0.0605979, 0.0486825, 0.217877, 0.897783, 
Plaqavg:
0.829531
m_0++ seq7:
45.0233, 1.16109, -0.850463, -1.22656, -1.30143, -1.14878, -1.276, -1.34401, -1.13928, -1.2475, -1.22882, -1.38461, -1.39669, -1.48422, -1.24904, -1.17484, -1.3741, -1.46481, -1.31423, -1.37414, -1.38646, -1.37414, -1.31423, -1.46481, -1.3741, -1.17484, -1.24904, -1.48422, -1.39669, -1.38461, -1.22882, -1.2475, -1.13928, -1.34401, -1.276, -1.14878, -1.30143, -1.22656, -0.850463, 1.16109, 
m_0-- seq7:
50.9303, 32.8379, 24.1167, 17.454, 12.4782, 8.92032, 6.33489, 4.81588, 4.34062, 4.55003, 5.54591, 6.66845, 7.51046, 7.36004, 6.83589, 5.95034, 5.14648, 4.56006, 4.0454, 3.74297, 3.69077, 3.74297, 4.0454, 4.56006, 5.14648, 5.95034, 6.83589, 7.36004, 7.51046, 6.66845, 5.54591, 4.55003, 4.34062, 4.81588, 6.33489, 8.92032, 12.4782, 17.454, 24.1167, 32.8379, 
wilson seq7:
29.131, 0.874784, 0.192355, 0.0231893, -0.0610205, 0.0601184, -0.0747663, -0.026259, -0.0461494, -0.0112461, 0.00753732, 0.0188751, 0.0061385, 0.0560183, 0.0114788, -0.0177244, 0.0447867, -0.0350831, 0.0129354, 0.0133197, -0.0186688, 0.0133197, 0.0129354, -0.0350831, 0.0447867, -0.0177244, 0.0114788, 0.0560183, 0.0061385, 0.0188751, 0.00753732, -0.0112461, -0.0461494, -0.026259, -0.0747663, 0.0601184, -0.0610205, 0.0231893, 0.192355, 0.874784, 
Plaqavg:
0.82931
m_0++ seq8:
44.7264, 1.35982, -0.923199, -1.249, -1.32708, -1.369, -1.46008, -1.35828, -1.13657, -1.29305, -1.28309, -1.24576, -1.13925, -1.22573, -1.47638, -1.37174, -1.33175, -1.18277, -1.31517, -1.40775, -1.25475, -1.40775, -1.31517, -1.18277, -1.33175, -1.37174, -1.47638, -1.22573, -1.13925, -1.24576, -1.28309, -1.29305, -1.13657, -1.35828, -1.46008, -1.369, -1.32708, -1.249, -0.923199, 1.35982, 
m_0-- seq8:
54.3837, 37.0666, 29.3233, 23.3025, 18.542, 14.695, 11.6911, 9.39329, 7.65671, 6.60444, 5.69478, 5.05157, 4.88353, 4.98743, 5.21357, 5.3064, 5.2432, 5.14112, 5.07793, 4.94283, 4.80675, 4.94283, 5.07793, 5.14112, 5.2432, 5.3064, 5.21357, 4.98743, 4.88353, 5.05157, 5.69478, 6.60444, 7.65671, 9.39329, 11.6911, 14.695, 18.542, 23.3025, 29.3233, 37.0666, 
wilson seq8:
29.1045, 0.872931, 0.146406, 0.0221967, 0.0264487, -0.00532841, 0.00799885, 0.00783105, 0.0699135, 0.0123943, -0.0199865, -0.00100086, 0.0277878, 0.0409405, 0.00632736, 0.034406, 0.0301015, -0.0380514, -0.00676692, -0.0262042, -0.057094, -0.0262042, -0.00676692, -0.0380514, 0.0301015, 0.034406, 0.00632736, 0.0409405, 0.0277878, -0.00100086, -0.0199865, 0.0123943, 0.0699135, 0.00783105, 0.00799885, -0.00532841, 0.0264487, 0.0221967, 0.146406, 0.872931, 
Plaqavg:
0.829394
m_0++ seq9:
44.7047, 1.29898, -0.876496, -1.29557, -1.33629, -1.41493, -1.30308, -1.27141, -1.17955, -1.32145, -1.298, -1.36971, -1.0687, -1.36376, -1.19837, -1.2303, -1.35117, -1.32237, -1.33381, -1.40852, -1.41573, -1.40852, -1.33381, -1.32237, -1.35117, -1.2303, -1.19837, -1.36376, -1.0687, -1.36971, -1.298, -1.32145, -1.17955, -1.27141, -1.30308, -1.41493, -1.33629, -1.29557, -0.876496, 1.29898, 
m_0-- seq9:
51.4505, 34.7473, 27.4585, 21.7936, 17.3542, 14.0452, 11.4617, 9.14363, 7.34433, 5.92571, 5.00739, 4.29072, 3.61371, 2.9496, 2.59594, 2.67177, 3.22924, 3.8636, 4.29185, 4.67224, 4.75403, 4.67224, 4.29185, 3.8636, 3.22924, 2.67177, 2.59594, 2.9496, 3.61371, 4.29072, 5.00739, 5.92571, 7.34433, 9.14363, 11.4617, 14.0452, 17.3542, 21.7936, 27.4585, 34.7473, 
wilson seq9:
29.1145, 0.920976, 0.224207, 0.0204682, -0.0250966, -0.0543008, -0.035125, 0.00937115, 0.0508613, 0.0708264, 0.00726601, 0.00232163, 0.049123, 0.0300413, 0.0168294, 0.00943817, -0.0101727, 0.040693, -0.0428831, -0.0132141, 0.0861276, -0.0132141, -0.0428831, 0.040693, -0.0101727, 0.00943817, 0.0168294, 0.0300413, 0.049123, 0.00232163, 0.00726601, 0.0708264, 0.0508613, 0.00937115, -0.035125, -0.0543008, -0.0250966, 0.0204682, 0.224207, 0.920976, 
Plaqavg:
0.829578