Equilibriated:302
m_0++ seq1:
45.7896, 3.12326, 0.478144, -0.101729, 0.135414, -0.221757, -0.064409, 0.0378869, -0.43712, 0.65059, 0.234936, 0.100595, 0.228956, 0.616761, -0.0898987, 0.314437, 0.177116, -0.434365, 0.0754598, -0.0610126, -0.122786, -0.0610126, 0.0754598, -0.434365, 0.177116, 0.314437, -0.0898987, 0.616761, 0.228956, 0.100595, 0.234936, 0.65059, -0.43712, 0.0378869, -0.064409, -0.221757, 0.135414, -0.101729, 0.478144, 3.12326, 
m_0-- seq1:
34.9122, 18.6429, 11.9123, 7.39852, 3.61045, 1.11436, -0.579717, -1.55682, -1.90454, -2.3911, -2.5491, -2.61784, -2.62308, -2.01713, -1.06467, 0.54997, 2.63878, 4.35311, 5.02049, 5.06894, 4.85526, 5.06894, 5.02049, 4.35311, 2.63878, 0.54997, -1.06467, -2.01713, -2.62308, -2.61784, -2.5491, -2.3911, -1.90454, -1.55682, -0.579717, 1.11436, 3.61045, 7.39852, 11.9123, 18.6429, 
Plaqavg:
0.829573
m_0++ seq2:
45.788, 2.25615, 0.317842, -0.0578091, -0.127157, 0.181652, -0.121843, -0.0388029, 0.268477, 0.0754731, 0.287877, -0.170139, 0.425125, 0.153103, 0.598927, 0.640527, -0.0584127, 0.350258, 0.165338, 0.138493, -0.00610937, 0.138493, 0.165338, 0.350258, -0.0584127, 0.640527, 0.598927, 0.153103, 0.425125, -0.170139, 0.287877, 0.0754731, 0.268477, -0.0388029, -0.121843, 0.181652, -0.127157, -0.0578091, 0.317842, 2.25622, 
m_0-- seq2:
37.838, 21.8062, 15.4069, 10.9279, 8.08031, 4.92106, 2.15987, 0.21163, -0.757618, -1.18263, -1.63423, -1.89811, -1.63517, -0.436618, 1.10873, 3.21565, 5.20367, 7.54878, 10.3106, 12.5199, 13.0772, 12.5199, 10.3106, 7.54878, 5.20367, 3.21565, 1.10873, -0.436618, -1.63517, -1.89811, -1.63423, -1.18263, -0.757618, 0.21163, 2.15987, 4.92106, 8.08031, 10.9279, 15.4069, 21.8067, 
Plaqavg:
0.829542
m_0++ seq3:
46.5869, 2.69545, 0.783002, 0.42804, -0.141967, 0.382781, 0.392952, 0.340215, 0.254095, 0.781649, 0.396529, 0.136341, 0.540531, 0.608041, 0.794269, 0.564288, 0.38381, 0.272553, -0.374642, -0.130355, 0.340248, -0.130355, -0.374642, 0.272553, 0.38381, 0.564288, 0.794269, 0.608041, 0.540531, 0.136341, 0.396529, 0.781649, 0.254095, 0.340215, 0.392952, 0.382781, -0.141967, 0.42804, 0.783002, 2.69551, 
m_0-- seq3:
48.6367, 30.8469, 23.4961, 18.6381, 15.892, 14.4112, 12.868, 11.1973, 9.12095, 8.30851, 8.37003, 9.01584, 9.59217, 9.91698, 10.3998, 11.1739, 12.157, 13.4338, 14.4359, 14.5503, 15.0591, 14.5503, 14.4359, 13.4338, 12.157, 11.1739, 10.3998, 9.91698, 9.59217, 9.01584, 8.37003, 8.30851, 9.12095, 11.1973, 12.868, 14.4112, 15.892, 18.6381, 23.4961, 30.8474, 
Plaqavg:
0.829354
m_0++ seq4:
47.1533, 2.58294, 0.34035, 0.392602, 0.259335, 0.0435705, 0.897334, 0.403205, 0.80708, 0.0292798, 0.304371, 0.0356468, -0.215458, -0.113066, 0.0424777, -0.117888, 0.133396, -0.0933742, 0.546096, 0.450825, -0.311795, 0.450825, 0.546096, -0.0933742, 0.133396, -0.117888, 0.0424777, -0.113066, -0.215458, 0.0356468, 0.304371, 0.0292798, 0.80708, 0.403205, 0.897334, 0.0435705, 0.259335, 0.392602, 0.34035, 2.58301, 
m_0-- seq4:
61.1925, 43.9502, 37.0479, 32.5766, 28.5361, 24.5525, 21.6373, 19.0242, 16.636, 14.5998, 12.4797, 10.7453, 8.43169, 5.38218, 2.48937, -0.391372, -3.24109, -4.09432, -5.32357, -6.41772, -6.32734, -6.41772, -5.32357, -4.09432, -3.24109, -0.391372, 2.48937, 5.38218, 8.43169, 10.7453, 12.4797, 14.5998, 16.636, 19.0242, 21.6373, 24.5525, 28.5361, 32.5766, 37.0479, 43.951, 
Plaqavg:
0.829556
m_0++ seq5:
45.8931, 2.79599, 0.711065, -0.231536, -0.133177, -0.370768, 0.0674865, -0.0206211, -0.136935, 0.101733, 0.256228, -0.124794, 0.316901, 0.428541, -0.010895, 0.575406, 0.142032, 0.318893, 0.131365, 0.637197, 0.721439, 0.637197, 0.131365, 0.318893, 0.142032, 0.575406, -0.010895, 0.428541, 0.316901, -0.124794, 0.256228, 0.101733, -0.136935, -0.0206211, 0.0674865, -0.370768, -0.133177, -0.231536, 0.711065, 2.79606, 
m_0-- seq5:
43.2596, 27.2616, 20.7189, 15.8222, 11.7705, 8.35431, 5.16631, 2.70413, 1.15529, -0.143034, -0.552296, -0.829595, -1.09946, -0.622535, 0.432849, 0.828734, 1.04408, 1.77364, 3.18137, 4.97808, 5.83809, 4.97808, 3.18137, 1.77364, 1.04408, 0.828734, 0.432849, -0.622535, -1.09946, -0.829595, -0.552296, -0.143034, 1.15529, 2.70413, 5.16631, 8.35431, 11.7705, 15.8222, 20.7189, 27.2627, 
Plaqavg:
0.829562
m_0++ seq6:
45.6499, 2.74572, 0.29696, 0.341905, -0.331454, 0.136255, -0.0627799, 0.513094, 0.379234, 0.122919, 0.946531, 0.27445, 0.44246, 0.301075, 0.424655, 0.249102, -0.0330605, 0.143907, 0.172709, 0.412868, 0.261527, 0.412868, 0.172709, 0.143907, -0.0330605, 0.249102, 0.424655, 0.301075, 0.44246, 0.27445, 0.946531, 0.122919, 0.379234, 0.513094, -0.0627799, 0.136255, -0.331454, 0.341905, 0.29696, 2.74579, 
m_0-- seq6:
59.5121, 42.3677, 35.2993, 29.6207, 25.7492, 22.9669, 20.4783, 18.8029, 17.3161, 15.5877, 13.6663, 12.4487, 10.6258, 9.42876, 7.49145, 5.82943, 4.40658, 3.16948, 2.50732, 2.31112, 2.63654, 2.31112, 2.50732, 3.16948, 4.40658, 5.82943, 7.49145, 9.42876, 10.6258, 12.4487, 13.6663, 15.5877, 17.3161, 18.8029, 20.4783, 22.9669, 25.7492, 29.6207, 35.2993, 42.3684, 
Plaqavg:
0.82938
m_0++ seq7:
46.3769, 3.23206, 1.43432, 0.0899135, -0.0563469, 0.0478713, -0.193392, 0.905456, 0.564527, 0.349676, 0.619346, 0.194564, 0.679047, 0.398333, 0.353742, 0.877578, 0.314502, 0.395517, -0.330312, -0.661451, -0.0638531, -0.661451, -0.330312, 0.395517, 0.314502, 0.877578, 0.353742, 0.398333, 0.679047, 0.194564, 0.619346, 0.349676, 0.564527, 0.905456, -0.193392, 0.0478713, -0.0563469, 0.0899135, 1.43432, 3.23212, 
m_0-- seq7:
72.1019, 53.5222, 44.4555, 36.8051, 30.451, 24.0904, 19.7094, 16.6964, 13.6553, 9.98773, 6.33397, 3.26604, 1.10923, 0.307991, 0.0771902, -0.481279, -1.36105, -2.53148, -4.61099, -6.63839, -7.87469, -6.63839, -4.61099, -2.53148, -1.36105, -0.481279, 0.0771902, 0.307991, 1.10923, 3.26604, 6.33397, 9.98773, 13.6553, 16.6964, 19.7094, 24.0904, 30.451, 36.8051, 44.4555, 53.5232, 
Plaqavg:
0.829405
m_0++ seq8:
46.4057, 2.64084, -0.167215, 0.521579, 0.396118, 0.0547737, 0.701755, 0.419746, 0.642909, 0.00821825, 0.461511, 0.0966359, 0.458073, 0.070252, -0.117393, 0.306582, 0.15039, 0.0452479, 0.744785, 0.323852, 0.146383, 0.323852, 0.744785, 0.0452479, 0.15039, 0.306582, -0.117393, 0.070252, 0.458073, 0.0966359, 0.461511, 0.00821825, 0.642909, 0.419746, 0.701755, 0.0547737, 0.396118, 0.521579, -0.167215, 2.64092, 
m_0-- seq8:
65.3099, 47.1618, 37.0252, 28.5337, 20.8703, 13.9452, 7.38771, 1.88615, -2.79073, -5.83834, -7.25015, -8.43724, -9.27285, -10.0374, -9.87536, -8.48937, -6.57268, -4.73685, -3.71384, -3.28467, -2.92389, -3.28467, -3.71384, -4.73685, -6.57268, -8.48937, -9.87536, -10.0374, -9.27285, -8.43724, -7.25015, -5.83834, -2.79073, 1.88615, 7.38771, 13.9452, 20.8703, 28.5337, 37.0252, 47.1632, 
Plaqavg:
0.829376
m_0++ seq9:
47.4943, 3.20381, 0.375667, 0.812534, 1.24759, 0.687886, 0.601101, 0.31045, 0.481468, 0.662334, 0.979065, 0.427549, 0.292321, 0.812351, -0.0287016, 0.231578, 0.498427, 0.204679, 0.250321, 0.841233, -0.252703, 0.841233, 0.250321, 0.204679, 0.498427, 0.231578, -0.0287016, 0.812351, 0.292321, 0.427549, 0.979065, 0.662334, 0.481468, 0.31045, 0.601101, 0.687886, 1.24759, 0.812534, 0.375667, 3.20388, 
m_0-- seq9:
89.5319, 69.0718, 58.5776, 52.0251, 47.357, 42.0397, 37.2646, 32.0854, 27.4124, 23.8135, 20.9834, 17.7375, 13.9218, 10.2611, 6.49848, 3.47054, 0.803429, -1.68727, -4.70052, -7.01163, -7.66031, -7.01163, -4.70052, -1.68727, 0.803429, 3.47054, 6.49848, 10.2611, 13.9218, 17.7375, 20.9834, 23.8135, 27.4124, 32.0854, 37.2646, 42.0397, 47.357, 52.0251, 58.5776, 69.073, 
Plaqavg:
0.828964
m_0++ seq10:
46.3841, 2.70053, 0.0327447, 0.386465, 0.661495, 0.602207, 0.038477, 0.325058, 0.456222, 0.0919233, -0.0753303, 0.390591, -0.115434, 0.401727, 0.0711365, 0.336102, 0.357011, 0.288687, 0.360631, 0.324144, 0.570498, 0.324144, 0.360631, 0.288687, 0.357011, 0.336102, 0.0711365, 0.401727, -0.115434, 0.390591, -0.0753303, 0.0919233, 0.456222, 0.325058, 0.038477, 0.602207, 0.661495, 0.386465, 0.0327447, 2.70061, 
m_0-- seq10:
83.9064, 65.2247, 55.1826, 46.2399, 38.289, 31.3127, 25.7207, 21.78, 19.3038, 17.4354, 15.4714, 13.4614, 12.0097, 11.6584, 11.6865, 12.0757, 11.7121, 10.3209, 8.70636, 7.91578, 7.70984, 7.91578, 8.70636, 10.3209, 11.7121, 12.0757, 11.6865, 11.6584, 12.0097, 13.4614, 15.4714, 17.4354, 19.3038, 21.78, 25.7207, 31.3127, 38.289, 46.2399, 55.1826, 65.2264, 
Plaqavg:
0.829384
avgplaq:0.82941
plaqsd:0.00017132
completed in:33959
