Equilibriated:440
m_0++ seq0:
31.5995, 1.01044, -0.61912, -0.900829, -1.01466, -1.01758, -1.0506, -1.12166, -1.06041, -1.05208, -0.991485, -1.06526, -1.0656, -1.09852, -1.01567, -1.04682, -1.11935, -1.01823, -1.10465, -1.01823, -1.11935, -1.04682, -1.01567, -1.09852, -1.0656, -1.06526, -0.991485, -1.05208, -1.06041, -1.12166, -1.0506, -1.01758, -1.01466, -0.900829, -0.61912, 1.01044, 
m_0-- seq0:
40.7281, 25.3911, 18.8677, 14.5507, 11.2942, 8.90793, 7.36661, 6.053, 4.9822, 3.93035, 2.94945, 2.35446, 2.12648, 1.78467, 1.36666, 1.06252, 0.841794, 0.824383, 1.04929, 0.824383, 0.841794, 1.06252, 1.36666, 1.78467, 2.12648, 2.35446, 2.94945, 3.93035, 4.9822, 6.053, 7.36661, 8.90793, 11.2942, 14.5507, 18.8677, 25.3911, 
wilson seq0:
23.6711, 1.4083, 0.384205, 0.124919, 0.0418005, 0.0696315, -0.0175984, -0.000988157, 0.00538554, 0.0222428, -0.0694918, 0.0154184, -0.0409541, -0.0659628, -0.0296531, -0.019167, -0.0193489, 0.000739161, -0.00131661, 0.000739161, -0.0193489, -0.019167, -0.0296531, -0.0659628, -0.0409541, 0.0154184, -0.0694918, 0.0222428, 0.00538554, -0.000988157, -0.0175984, 0.0696315, 0.0418005, 0.124919, 0.384205, 1.4083, 
Plaqavg:
0.818575
m_0++ seq1:
31.2951, 0.9125, -0.652292, -0.852612, -1.07036, -1.05061, -1.03007, -0.922716, -1.08647, -1.0561, -0.996009, -1.05518, -1.03589, -1.09361, -0.957298, -1.06684, -0.940385, -1.15784, -1.07151, -1.15784, -0.940385, -1.06684, -0.957298, -1.09361, -1.03589, -1.05518, -0.996009, -1.0561, -1.08647, -0.922716, -1.03007, -1.05061, -1.07036, -0.852612, -0.652292, 0.9125, 
m_0-- seq1:
42.8634, 28.0671, 21.4497, 16.9395, 13.6633, 11.0546, 8.82065, 6.54064, 4.30694, 2.41047, 0.697186, -0.795654, -2.04093, -2.75959, -3.41047, -4.07279, -4.49808, -4.86376, -4.80314, -4.86376, -4.49808, -4.07279, -3.41047, -2.75959, -2.04093, -0.795654, 0.697186, 2.41047, 4.30694, 6.54064, 8.82065, 11.0546, 13.6633, 16.9395, 21.4497, 28.0671, 
wilson seq1:
23.6129, 1.39995, 0.359757, 0.131618, 0.056104, -0.0147562, 0.0195461, -0.0337411, 0.00407195, 0.053385, 0.0135819, -0.0152908, 0.00542774, -0.0355679, -0.0470447, -0.0706972, -0.0473817, -0.0215214, -0.0545836, -0.0215214, -0.0473817, -0.0706972, -0.0470447, -0.0355679, 0.00542774, -0.0152908, 0.0135819, 0.053385, 0.00407195, -0.0337411, 0.0195461, -0.0147562, 0.056104, 0.131618, 0.359757, 1.39995, 
Plaqavg:
0.818818
m_0++ seq2:
31.2104, 0.952399, -0.763507, -0.817573, -0.904955, -0.964845, -0.949476, -1.00886, -1.10236, -1.07605, -1.00366, -1.04876, -0.984303, -0.919251, -1.09369, -1.11577, -1.12367, -1.14064, -1.08039, -1.14064, -1.12367, -1.11577, -1.09369, -0.919251, -0.984303, -1.04876, -1.00366, -1.07605, -1.10236, -1.00886, -0.949476, -0.964845, -0.904955, -0.817573, -0.763507, 0.952399, 
m_0-- seq2:
39.4299, 24.4878, 18.1916, 13.9993, 10.8536, 8.43674, 6.39345, 4.54705, 3.07081, 1.7466, 0.596659, -0.37106, -0.892812, -1.14289, -1.15723, -1.23179, -1.49523, -1.69138, -1.90255, -1.69138, -1.49523, -1.23179, -1.15723, -1.14289, -0.892812, -0.37106, 0.596659, 1.7466, 3.07081, 4.54705, 6.39345, 8.43674, 10.8536, 13.9993, 18.1916, 24.4878, 
wilson seq2:
23.6168, 1.44262, 0.441734, 0.17227, 0.051508, 0.0490834, 0.0188285, 0.0415288, 0.0979857, 0.0377738, 0.0077703, 0.00736977, 0.00242283, -0.013113, 0.0340022, 0.0145726, 0.00722065, 0.00450702, -0.00869813, 0.00450702, 0.00722065, 0.0145726, 0.0340022, -0.013113, 0.00242283, 0.00736977, 0.0077703, 0.0377738, 0.0979857, 0.0415288, 0.0188285, 0.0490834, 0.051508, 0.17227, 0.441734, 1.44262, 
Plaqavg:
0.818843
m_0++ seq3:
31.195, 0.934988, -0.734731, -0.892418, -0.923857, -0.974101, -1.0164, -1.0118, -1.00778, -1.09103, -1.12766, -1.09093, -1.153, -1.02875, -1.06786, -0.958559, -1.00645, -0.892898, -1.10854, -0.892898, -1.00645, -0.958559, -1.06786, -1.02875, -1.153, -1.09093, -1.12766, -1.09103, -1.00778, -1.0118, -1.0164, -0.974101, -0.923857, -0.892418, -0.734731, 0.934988, 
m_0-- seq3:
33.3539, 19.0388, 13.051, 8.85003, 5.79162, 3.61199, 1.72217, 0.389237, -0.582922, -1.09131, -1.06567, -0.865497, -0.836967, -0.791553, -0.697833, -0.935083, -1.08461, -0.942399, -0.896752, -0.942399, -1.08461, -0.935083, -0.697833, -0.791553, -0.836967, -0.865497, -1.06567, -1.09131, -0.582922, 0.389237, 1.72217, 3.61199, 5.79162, 8.85003, 13.051, 19.0388, 
wilson seq3:
23.7809, 1.45172, 0.446955, 0.200636, 0.0478602, 0.0351137, 0.0182664, -0.00845507, 0.0332002, -0.00436012, -0.0342935, 0.00215017, -0.00655296, -0.0593424, 0.0183279, 0.0118923, -0.00799754, -0.0754606, -0.0113378, -0.0754606, -0.00799754, 0.0118923, 0.0183279, -0.0593424, -0.00655296, 0.00215017, -0.0342935, -0.00436012, 0.0332002, -0.00845507, 0.0182664, 0.0351137, 0.0478602, 0.200636, 0.446955, 1.45172, 
Plaqavg:
0.818901
m_0++ seq4:
31.2858, 0.994913, -0.67148, -0.923619, -1.00732, -1.02132, -1.08095, -1.09484, -0.938626, -1.09335, -1.02251, -1.08588, -0.966166, -0.997337, -1.08602, -1.07644, -1.03199, -0.989763, -1.10037, -0.989763, -1.03199, -1.07644, -1.08602, -0.997337, -0.966166, -1.08588, -1.02251, -1.09335, -0.938626, -1.09484, -1.08095, -1.02132, -1.00732, -0.923619, -0.67148, 0.994913, 
m_0-- seq4:
33.5863, 19.083, 13.0187, 8.99851, 6.07395, 3.94552, 2.38305, 1.3581, 0.608486, -0.229898, -0.987507, -1.34706, -1.7539, -2.0408, -2.02858, -1.89331, -1.91766, -1.97745, -2.05098, -1.97745, -1.91766, -1.89331, -2.02858, -2.0408, -1.7539, -1.34706, -0.987507, -0.229898, 0.608486, 1.3581, 2.38305, 3.94552, 6.07395, 8.99851, 13.0187, 19.083, 
wilson seq4:
23.7529, 1.44582, 0.397552, 0.162193, 0.106634, 0.0532096, 0.103956, 0.061501, 0.0870141, 0.0912613, 0.0774959, 0.085344, 0.0507782, 0.010737, 0.0444862, 0.0252539, 0.0231517, 0.0342335, 0.162126, 0.0342335, 0.0231517, 0.0252539, 0.0444862, 0.010737, 0.0507782, 0.085344, 0.0774959, 0.0912613, 0.0870141, 0.061501, 0.103956, 0.0532096, 0.106634, 0.162193, 0.397552, 1.44582, 
Plaqavg:
0.818867
m_0++ seq5:
31.2317, 1.08226, -0.719041, -0.931274, -1.08684, -1.10069, -0.941135, -1.04169, -0.971306, -1.00921, -1.02677, -1.10741, -0.939689, -1.09292, -1.10816, -0.985393, -0.937131, -1.0566, -1.28571, -1.0566, -0.937131, -0.985393, -1.10816, -1.09292, -0.939689, -1.10741, -1.02677, -1.00921, -0.971306, -1.04169, -0.941135, -1.10069, -1.08684, -0.931274, -0.719041, 1.08226, 
m_0-- seq5:
34.6395, 19.9793, 13.6248, 9.50978, 6.63717, 4.86541, 3.98566, 3.43439, 2.86585, 2.38709, 1.94288, 1.57605, 1.26247, 0.915356, 0.784421, 0.487432, 0.475436, 0.311996, 0.282942, 0.311996, 0.475436, 0.487432, 0.784421, 0.915356, 1.26247, 1.57605, 1.94288, 2.38709, 2.86585, 3.43439, 3.98566, 4.86541, 6.63717, 9.50978, 13.6248, 19.9793, 
wilson seq5:
23.7514, 1.47002, 0.396881, 0.134801, 0.061596, 0.0378813, -0.0190267, 0.00748472, 0.0186173, 0.0176506, -0.0193367, 0.0118711, -0.0118846, -0.00963976, 0.0151248, 0.0375301, -0.0132513, -0.0606449, -0.0110513, -0.0606449, -0.0132513, 0.0375301, 0.0151248, -0.00963976, -0.0118846, 0.0118711, -0.0193367, 0.0176506, 0.0186173, 0.00748472, -0.0190267, 0.0378813, 0.061596, 0.134801, 0.396881, 1.47002, 
Plaqavg:
0.81879
m_0++ seq0:
30.952, 0.867999, -0.88707, -0.845307, -1.05132, -1.0186, -0.875532, -0.985624, -1.0462, -1.11829, -1.19934, -1.05633, -0.874439, -0.915449, -1.03141, -1.06127, -1.06588, -0.904428, -0.815023, -0.904428, -1.06588, -1.06127, -1.03141, -0.915449, -0.874439, -1.05633, -1.19934, -1.11829, -1.0462, -0.985624, -0.875532, -1.0186, -1.05132, -0.845307, -0.88707, 0.867999, 
m_0-- seq0:
36.4555, 22.0669, 16.088, 12.2356, 9.3707, 7.05668, 5.49292, 4.09502, 3.007, 1.96476, 1.04032, 0.346579, -0.129061, -0.804712, -1.16236, -1.1257, -0.87127, -0.452426, -0.29894, -0.452426, -0.87127, -1.1257, -1.16236, -0.804712, -0.129061, 0.346579, 1.04032, 1.96476, 3.007, 4.09502, 5.49292, 7.05668, 9.3707, 12.2356, 16.088, 22.0669, 
wilson seq0:
23.788, 1.45379, 0.39807, 0.19294, 0.0546578, 0.0482582, 0.0545677, -0.0162085, 0.00651459, -0.00934194, -0.00919917, 0.0164787, 0.018407, 0.00583379, -0.0681603, -0.0430345, -0.0297051, -0.0188893, 0.0433541, -0.0188893, -0.0297051, -0.0430345, -0.0681603, 0.00583379, 0.018407, 0.0164787, -0.00919917, -0.00934194, 0.00651459, -0.0162085, 0.0545677, 0.0482582, 0.0546578, 0.19294, 0.39807, 1.45379, 
Plaqavg:
0.818903
m_0++ seq1:
31.2871, 1.00731, -0.828873, -0.919916, -0.940896, -1.15093, -1.13212, -1.10485, -1.01707, -1.10812, -1.02479, -0.965511, -1.00498, -1.00775, -0.993754, -0.899661, -0.980216, -1.00286, -1.13717, -1.00286, -0.980216, -0.899661, -0.993754, -1.00775, -1.00498, -0.965511, -1.02479, -1.10812, -1.01707, -1.10485, -1.13212, -1.15093, -0.940896, -0.919916, -0.828873, 1.00731, 
m_0-- seq1:
36.0907, 21.7069, 15.6012, 11.4473, 8.36189, 5.94814, 4.1012, 2.38467, 1.07398, -0.0843886, -0.95414, -1.67225, -1.75755, -1.9848, -2.49294, -3.05816, -3.45741, -3.55701, -3.63982, -3.55701, -3.45741, -3.05816, -2.49294, -1.9848, -1.75755, -1.67225, -0.95414, -0.0843886, 1.07398, 2.38467, 4.1012, 5.94814, 8.36189, 11.4473, 15.6012, 21.7069, 
wilson seq1:
23.735, 1.37094, 0.324559, 0.115938, 0.0601801, 0.0211002, 0.00693854, -0.0522612, -0.0196906, 0.0140452, -0.0404127, -0.0042723, -0.00742133, 0.0014904, 0.0539844, 0.0111825, -0.0472713, 0.0150746, 0.0530378, 0.0150746, -0.0472713, 0.0111825, 0.0539844, 0.0014904, -0.00742133, -0.0042723, -0.0404127, 0.0140452, -0.0196906, -0.0522612, 0.00693854, 0.0211002, 0.0601801, 0.115938, 0.324559, 1.37094, 
Plaqavg:
0.818912
m_0++ seq2:
30.9752, 0.910582, -0.621006, -0.906548, -0.96592, -1.06258, -1.01126, -1.01351, -1.09165, -0.931586, -0.954794, -1.08198, -1.12408, -1.07325, -0.974926, -1.07167, -1.0212, -0.932363, -1.11978, -0.932363, -1.0212, -1.07167, -0.974926, -1.07325, -1.12408, -1.08198, -0.954794, -0.931586, -1.09165, -1.01351, -1.01126, -1.06258, -0.96592, -0.906548, -0.621006, 0.910582, 
m_0-- seq2:
35.582, 20.318, 13.8612, 9.59321, 6.7235, 4.63907, 3.25589, 2.23921, 1.55905, 1.28765, 1.193, 1.28453, 1.26127, 1.021, 0.593902, 0.37261, 0.36068, 0.348016, 0.430146, 0.348016, 0.36068, 0.37261, 0.593902, 1.021, 1.26127, 1.28453, 1.193, 1.28765, 1.55905, 2.23921, 3.25589, 4.63907, 6.7235, 9.59321, 13.8612, 20.318, 
wilson seq2:
23.7724, 1.41874, 0.41827, 0.125125, 0.0712637, 0.0697837, 0.0617793, 0.00727995, 0.0535824, 0.00780917, 0.0537452, -0.00729684, 0.00350004, -0.00561367, -0.0730489, 0.00390276, 0.00783341, -0.00877547, 0.00860455, -0.00877547, 0.00783341, 0.00390276, -0.0730489, -0.00561367, 0.00350004, -0.00729684, 0.0537452, 0.00780917, 0.0535824, 0.00727995, 0.0617793, 0.0697837, 0.0712637, 0.125125, 0.41827, 1.41874, 
Plaqavg:
0.818584
m_0++ seq3:
31.1767, 0.974742, -0.700471, -0.882073, -1.03183, -0.982076, -1.05884, -1.11178, -1.09731, -1.01972, -1.05833, -1.00494, -1.02134, -0.99454, -1.05094, -0.988482, -1.07483, -1.00748, -0.956192, -1.00748, -1.07483, -0.988482, -1.05094, -0.99454, -1.02134, -1.00494, -1.05833, -1.01972, -1.09731, -1.11178, -1.05884, -0.982076, -1.03183, -0.882073, -0.700471, 0.974742, 
m_0-- seq3:
38.554, 23.7194, 16.9862, 12.373, 9.08294, 7.00691, 5.47177, 3.90486, 2.93484, 2.1446, 1.49617, 0.968664, 0.475972, -0.102333, -0.565497, -1.15683, -1.52061, -1.73152, -1.84046, -1.73152, -1.52061, -1.15683, -0.565497, -0.102333, 0.475972, 0.968664, 1.49617, 2.1446, 2.93484, 3.90486, 5.47177, 7.00691, 9.08294, 12.373, 16.9862, 23.7194, 
wilson seq3:
23.7872, 1.50159, 0.375724, 0.138102, 0.074595, 0.0479184, 0.0355722, 0.0173254, 0.0352737, -0.0214783, 0.015369, 0.0493228, 0.0149103, 0.0205021, 0.044576, 0.0190921, -0.0193279, -0.0328577, 0.00914076, -0.0328577, -0.0193279, 0.0190921, 0.044576, 0.0205021, 0.0149103, 0.0493228, 0.015369, -0.0214783, 0.0352737, 0.0173254, 0.0355722, 0.0479184, 0.074595, 0.138102, 0.375724, 1.50159, 
Plaqavg:
0.818804
m_0++ seq4:
31.1555, 1.04761, -0.667834, -0.920187, -0.934439, -1.09447, -1.09703, -0.980313, -1.16155, -1.03002, -0.98957, -1.10085, -1.0665, -0.984669, -0.923126, -0.910245, -1.03107, -1.12296, -1.22108, -1.12296, -1.03107, -0.910245, -0.923126, -0.984669, -1.0665, -1.10085, -0.98957, -1.03002, -1.16155, -0.980313, -1.09703, -1.09447, -0.934439, -0.920187, -0.667834, 1.04761, 
m_0-- seq4:
36.572, 21.325, 14.6462, 9.95161, 6.62149, 4.33201, 2.92007, 1.75179, 1.04953, 0.807079, 0.801166, 1.11881, 1.3851, 1.34648, 1.25629, 1.3392, 1.37132, 1.32838, 1.28139, 1.32838, 1.37132, 1.3392, 1.25629, 1.34648, 1.3851, 1.11881, 0.801166, 0.807079, 1.04953, 1.75179, 2.92007, 4.33201, 6.62149, 9.95161, 14.6462, 21.325, 
wilson seq4:
23.7369, 1.42857, 0.388868, 0.127682, 0.0258613, 0.00935374, 0.0058992, 0.027029, -0.00531832, -0.0300715, -0.0195393, -0.0719281, -0.0252371, -0.0410424, 0.00772047, 0.0504155, 0.0159294, 0.0191755, -0.0150882, 0.0191755, 0.0159294, 0.0504155, 0.00772047, -0.0410424, -0.0252371, -0.0719281, -0.0195393, -0.0300715, -0.00531832, 0.027029, 0.0058992, 0.00935374, 0.0258613, 0.127682, 0.388868, 1.42857, 
Plaqavg:
0.818679
m_0++ seq5:
31.1431, 0.921513, -0.668611, -0.822409, -0.901259, -1.03941, -1.05097, -1.02157, -0.941941, -0.952774, -1.0853, -0.982283, -1.10059, -1.06818, -1.04062, -1.1154, -1.11997, -1.09014, -0.983267, -1.09014, -1.11997, -1.1154, -1.04062, -1.06818, -1.10059, -0.982283, -1.0853, -0.952774, -0.941941, -1.02157, -1.05097, -1.03941, -0.901259, -0.822409, -0.668611, 0.921513, 
m_0-- seq5:
34.0939, 19.7911, 13.575, 9.28372, 6.30297, 4.36779, 2.81655, 1.74992, 0.866094, 0.226225, -0.183073, -0.473787, -0.891034, -1.08859, -1.08782, -0.91383, -0.767908, -0.495038, -0.494316, -0.495038, -0.767908, -0.91383, -1.08782, -1.08859, -0.891034, -0.473787, -0.183073, 0.226225, 0.866094, 1.74992, 2.81655, 4.36779, 6.30297, 9.28372, 13.575, 19.7911, 
wilson seq5:
23.7954, 1.50589, 0.450195, 0.104662, 0.0929801, -0.0138272, 0.061294, -0.0135563, -0.0144865, -0.0140431, -0.0377393, -0.0069697, -0.00286464, -0.00207763, -0.00815831, -0.0626519, 0.0136544, 0.020257, -0.0145875, 0.020257, 0.0136544, -0.0626519, -0.00815831, -0.00207763, -0.00286464, -0.0069697, -0.0377393, -0.0140431, -0.0144865, -0.0135563, 0.061294, -0.0138272, 0.0929801, 0.104662, 0.450195, 1.50589, 
Plaqavg:
0.818954
m_0++ seq0:
31.3304, 0.900477, -0.696999, -0.853574, -0.941603, -0.983982, -1.13293, -0.982769, -1.11819, -1.01908, -1.0193, -1.12522, -1.04685, -1.0452, -1.11641, -0.915311, -0.95354, -1.07481, -1.07979, -1.07481, -0.95354, -0.915311, -1.11641, -1.0452, -1.04685, -1.12522, -1.0193, -1.01908, -1.11819, -0.982769, -1.13293, -0.983982, -0.941603, -0.853574, -0.696999, 0.900477, 
m_0-- seq0:
50.4526, 35.0302, 28.0301, 23.4953, 20.3681, 18.2436, 16.7216, 15.9332, 15.2586, 14.3163, 13.4666, 12.9127, 12.2082, 11.5831, 10.8917, 10.0009, 8.79978, 7.68668, 7.16158, 7.68668, 8.79978, 10.0009, 10.8917, 11.5831, 12.2082, 12.9127, 13.4666, 14.3163, 15.2586, 15.9332, 16.7216, 18.2436, 20.3681, 23.4953, 28.0301, 35.0302, 
wilson seq0:
23.6442, 1.30246, 0.329948, 0.158777, 0.0214916, -0.00251093, 0.0209975, 0.0292913, -0.0424262, -0.0526186, -0.0551314, -0.00258134, -0.0720832, 0.033511, 0.0454748, 0.071474, -0.0105834, -0.0343736, -0.0955956, -0.0343736, -0.0105834, 0.071474, 0.0454748, 0.033511, -0.0720832, -0.00258134, -0.0551314, -0.0526186, -0.0424262, 0.0292913, 0.0209975, -0.00251093, 0.0214916, 0.158777, 0.329948, 1.30246, 
Plaqavg:
0.818679
m_0++ seq1:
31.1979, 0.983105, -0.790452, -0.856213, -0.977141, -0.965327, -1.15622, -0.963575, -0.920424, -1.04942, -1.06215, -1.11869, -0.977849, -1.18046, -0.961722, -1.01003, -1.0029, -1.05798, -1.06297, -1.05798, -1.0029, -1.01003, -0.961722, -1.18046, -0.977849, -1.11869, -1.06215, -1.04942, -0.920424, -0.963575, -1.15622, -0.965327, -0.977141, -0.856213, -0.790452, 0.983105, 
m_0-- seq1:
37.5956, 22.3394, 15.8025, 11.401, 8.05729, 5.48554, 3.53721, 1.92387, 0.549628, -0.242174, -1.08373, -1.67944, -2.23179, -2.28476, -2.17125, -2.10395, -2.06147, -2.26027, -2.18513, -2.26027, -2.06147, -2.10395, -2.17125, -2.28476, -2.23179, -1.67944, -1.08373, -0.242174, 0.549628, 1.92387, 3.53721, 5.48554, 8.05729, 11.401, 15.8025, 22.3394, 
wilson seq1:
23.715, 1.3556, 0.339611, 0.137882, 0.0352548, 0.0160129, 0.0583877, 0.0269103, 0.0771372, -0.0059049, -0.00643939, -0.00196006, -0.00379874, 0.0603642, -0.00578238, -0.0232534, -0.0169353, 0.00416741, -0.116219, 0.00416741, -0.0169353, -0.0232534, -0.00578238, 0.0603642, -0.00379874, -0.00196006, -0.00643939, -0.0059049, 0.0771372, 0.0269103, 0.0583877, 0.0160129, 0.0352548, 0.137882, 0.339611, 1.3556, 
Plaqavg:
0.818618
m_0++ seq2:
31.1342, 0.915507, -0.687336, -1.05803, -1.02361, -1.05197, -0.862266, -1.03217, -1.08317, -1.05742, -1.02643, -0.95318, -1.08465, -0.930911, -0.95152, -1.03095, -1.05275, -1.0696, -1.05334, -1.0696, -1.05275, -1.03095, -0.95152, -0.930911, -1.08465, -0.95318, -1.02643, -1.05742, -1.08317, -1.03217, -0.862266, -1.05197, -1.02361, -1.05803, -0.687336, 0.915507, 
m_0-- seq2:
34.9265, 19.8834, 13.3548, 9.10596, 6.07618, 3.78172, 2.24739, 1.23073, 0.683049, 0.665901, 0.963468, 1.10319, 1.27633, 1.23878, 0.716526, 0.336074, -0.290891, -0.815891, -0.888224, -0.815891, -0.290891, 0.336074, 0.716526, 1.23878, 1.27633, 1.10319, 0.963468, 0.665901, 0.683049, 1.23073, 2.24739, 3.78172, 6.07618, 9.10596, 13.3548, 19.8834, 
wilson seq2:
23.6545, 1.48706, 0.421541, 0.126476, 0.0533321, -0.0163054, 0.0169266, 0.032276, 0.0211717, -0.0285493, -0.0669813, 0.0549697, -0.0185875, -0.0421939, -0.0607316, -0.0263053, 0.014654, 0.0829373, 0.00328273, 0.0829373, 0.014654, -0.0263053, -0.0607316, -0.0421939, -0.0185875, 0.0549697, -0.0669813, -0.0285493, 0.0211717, 0.032276, 0.0169266, -0.0163054, 0.0533321, 0.126476, 0.421541, 1.48706, 
Plaqavg:
0.818707
m_0++ seq3:
31.4791, 0.959957, -0.770413, -0.954106, -1.06576, -0.982149, -1.0465, -0.852093, -1.04947, -1.04574, -1.09374, -0.972067, -1.12511, -1.09615, -1.04027, -1.03162, -1.02106, -0.962072, -1.18244, -0.962072, -1.02106, -1.03162, -1.04027, -1.09615, -1.12511, -0.972067, -1.09374, -1.04574, -1.04947, -0.852093, -1.0465, -0.982149, -1.06576, -0.954106, -0.770413, 0.959957, 
m_0-- seq3:
45.5093, 29.6687, 21.9331, 16.2953, 12.0535, 9.08831, 6.60485, 4.64445, 3.19794, 2.10833, 1.48385, 0.538173, -0.71609, -2.096, -3.25936, -4.24325, -5.27002, -5.97767, -6.34026, -5.97767, -5.27002, -4.24325, -3.25936, -2.096, -0.71609, 0.538173, 1.48385, 2.10833, 3.19794, 4.64445, 6.60485, 9.08831, 12.0535, 16.2953, 21.9331, 29.6687, 
wilson seq3:
23.7111, 1.38529, 0.346524, 0.145296, 0.0349468, 0.0466172, 0.0743091, 0.0236662, 0.0695888, 0.0375759, 0.0587658, 0.0433842, 0.0129277, 0.0237773, -0.0434321, 0.0593259, 0.0326935, -0.0109846, -0.0377528, -0.0109846, 0.0326935, 0.0593259, -0.0434321, 0.0237773, 0.0129277, 0.0433842, 0.0587658, 0.0375759, 0.0695888, 0.0236662, 0.0743091, 0.0466172, 0.0349468, 0.145296, 0.346524, 1.38529, 
Plaqavg:
0.81854
m_0++ seq4:
31.0389, 0.902859, -0.755179, -1.02155, -0.966405, -1.02385, -1.02905, -1.0148, -0.980106, -1.00109, -1.02575, -1.13348, -1.02404, -1.14661, -0.988758, -0.988116, -0.923054, -1.02926, -0.742452, -1.02926, -0.923054, -0.988116, -0.988758, -1.14661, -1.02404, -1.13348, -1.02575, -1.00109, -0.980106, -1.0148, -1.02905, -1.02385, -0.966405, -1.02155, -0.755179, 0.902859, 
m_0-- seq4:
36.9144, 22.3762, 16.1514, 11.8418, 8.84385, 6.49509, 4.44573, 2.79033, 1.54432, 0.720316, 0.241055, -0.140628, -0.267931, -0.132136, -0.168592, -0.0997245, -0.018778, 0.0575185, 0.200252, 0.0575185, -0.018778, -0.0997245, -0.168592, -0.132136, -0.267931, -0.140628, 0.241055, 0.720316, 1.54432, 2.79033, 4.44573, 6.49509, 8.84385, 11.8418, 16.1514, 22.3762, 
wilson seq4:
23.76, 1.4708, 0.427213, 0.163706, 0.075903, 0.0187502, 0.064835, 0.00203436, 0.0468196, 0.0370994, 0.0591401, 0.0342727, -0.00204605, 0.00754283, 0.0405203, 0.00733039, 0.00753821, -0.0369704, -0.0746799, -0.0369704, 0.00753821, 0.00733039, 0.0405203, 0.00754283, -0.00204605, 0.0342727, 0.0591401, 0.0370994, 0.0468196, 0.00203436, 0.064835, 0.0187502, 0.075903, 0.163706, 0.427213, 1.4708, 
Plaqavg:
0.818844
m_0++ seq5:
31.3164, 0.982325, -0.771041, -1.02446, -0.987704, -0.967938, -1.02466, -1.08067, -0.978831, -1.01336, -1.10987, -0.993188, -1.10704, -0.854127, -1.04032, -0.977483, -1.1043, -1.07752, -1.056, -1.07752, -1.1043, -0.977483, -1.04032, -0.854127, -1.10704, -0.993188, -1.10987, -1.01336, -0.978831, -1.08067, -1.02466, -0.967938, -0.987704, -1.02446, -0.771041, 0.982325, 
m_0-- seq5:
38.5641, 23.6361, 16.5031, 11.237, 7.38012, 4.66916, 2.8022, 1.6751, 0.960933, 0.489258, 0.260742, 0.20158, 0.201589, 0.131234, 0.0639087, -0.123014, -0.114981, -0.121851, -0.193423, -0.121851, -0.114981, -0.123014, 0.0639087, 0.131234, 0.201589, 0.20158, 0.260742, 0.489258, 0.960933, 1.6751, 2.8022, 4.66916, 7.38012, 11.237, 16.5031, 23.6361, 
wilson seq5:
23.7251, 1.44817, 0.361195, 0.162691, 0.0925083, 0.0711516, -0.0233722, -0.0258644, -0.0490336, -0.0752185, -0.0637681, -0.0242613, -0.0444014, -0.0532893, -0.0295033, 0.0258683, -0.0367923, -0.0677921, -0.0797163, -0.0677921, -0.0367923, 0.0258683, -0.0295033, -0.0532893, -0.0444014, -0.0242613, -0.0637681, -0.0752185, -0.0490336, -0.0258644, -0.0233722, 0.0711516, 0.0925083, 0.162691, 0.361195, 1.44817, 
Plaqavg:
0.81871
m_0++ seq0:
31.1621, 0.873448, -0.756902, -0.909722, -1.03397, -1.02263, -0.98944, -1.10453, -0.965458, -0.943672, -1.03364, -0.915468, -0.999711, -1.08173, -1.07812, -1.11496, -0.991887, -1.00819, -1.00895, -1.00819, -0.991887, -1.11496, -1.07812, -1.08173, -0.999711, -0.915468, -1.03364, -0.943672, -0.965458, -1.10453, -0.98944, -1.02263, -1.03397, -0.909722, -0.756902, 0.873448, 
m_0-- seq0:
36.3985, 21.6233, 15.3646, 11.1711, 8.08064, 5.72006, 3.57454, 1.55252, -0.125236, -1.36417, -2.36747, -3.57044, -4.43878, -5.21474, -5.53598, -5.97, -6.51859, -6.86508, -6.83559, -6.86508, -6.51859, -5.97, -5.53598, -5.21474, -4.43878, -3.57044, -2.36747, -1.36417, -0.125236, 1.55252, 3.57454, 5.72006, 8.08064, 11.1711, 15.3646, 21.6233, 
wilson seq0:
23.7615, 1.45176, 0.402613, 0.111356, 0.125034, 0.0719151, 0.0388254, 0.027481, -0.0304658, -0.0548097, 0.0296656, 0.0381373, -0.0405176, -0.0315407, 0.00466852, 0.00476358, -0.0124781, 0.00675722, 0.0377629, 0.00675722, -0.0124781, 0.00476358, 0.00466852, -0.0315407, -0.0405176, 0.0381373, 0.0296656, -0.0548097, -0.0304658, 0.027481, 0.0388254, 0.0719151, 0.125034, 0.111356, 0.402613, 1.45176, 
Plaqavg:
0.818791
m_0++ seq1:
31.2331, 0.971767, -0.749933, -0.955717, -1.04807, -1.12497, -0.975377, -1.08687, -1.08082, -1.00896, -0.842643, -0.962043, -1.16724, -1.10762, -1.07165, -0.934197, -1.0066, -0.946796, -1.03767, -0.946796, -1.0066, -0.934197, -1.07165, -1.10762, -1.16724, -0.962043, -0.842643, -1.00896, -1.08082, -1.08687, -0.975377, -1.12497, -1.04807, -0.955717, -0.749933, 0.971767, 
m_0-- seq1:
39.5245, 24.2247, 17.0657, 11.8529, 8.01646, 5.18958, 3.17019, 1.84309, 1.19587, 0.927579, 0.866374, 0.817564, 1.22124, 1.82252, 2.15173, 2.25877, 2.24024, 2.28257, 2.32981, 2.28257, 2.24024, 2.25877, 2.15173, 1.82252, 1.22124, 0.817564, 0.866374, 0.927579, 1.19587, 1.84309, 3.17019, 5.18958, 8.01646, 11.8529, 17.0657, 24.2247, 
wilson seq1:
23.6356, 1.36333, 0.357653, 0.136888, 0.0752027, 0.0638325, -0.033808, -0.00513075, 0.0706022, 0.0116149, -0.0256182, 0.018199, -0.0257957, 0.0137462, -0.0108932, 0.00632002, 0.0420925, 0.0563684, 0.036282, 0.0563684, 0.0420925, 0.00632002, -0.0108932, 0.0137462, -0.0257957, 0.018199, -0.0256182, 0.0116149, 0.0706022, -0.00513075, -0.033808, 0.0638325, 0.0752027, 0.136888, 0.357653, 1.36333, 
Plaqavg:
0.818582
m_0++ seq2:
31.2067, 0.979745, -0.771129, -0.986037, -0.935069, -1.02312, -0.947095, -0.998342, -0.873631, -1.08449, -0.979845, -1.03983, -1.09767, -1.05929, -1.03068, -0.974309, -1.17233, -1.15213, -0.916253, -1.15213, -1.17233, -0.974309, -1.03068, -1.05929, -1.09767, -1.03983, -0.979845, -1.08449, -0.873631, -0.998342, -0.947095, -1.02312, -0.935069, -0.986037, -0.771129, 0.979745, 
m_0-- seq2:
36.2371, 21.4166, 14.828, 10.4584, 7.45812, 5.51823, 4.17369, 3.48038, 2.98278, 2.31988, 1.6034, 1.09015, 0.723865, 0.246372, -0.0106375, 0.0979442, 0.458793, 0.896919, 1.0594, 0.896919, 0.458793, 0.0979442, -0.0106375, 0.246372, 0.723865, 1.09015, 1.6034, 2.31988, 2.98278, 3.48038, 4.17369, 5.51823, 7.45812, 10.4584, 14.828, 21.4166, 
wilson seq2:
23.7546, 1.44772, 0.44424, 0.128768, 0.0227141, -0.0175347, -0.0012068, -0.0335274, -0.0738225, -0.0418345, -0.00261278, 0.0322383, 0.0212694, 0.030984, -0.00321671, -0.0105648, -0.0354429, 0.00794631, -0.0507872, 0.00794631, -0.0354429, -0.0105648, -0.00321671, 0.030984, 0.0212694, 0.0322383, -0.00261278, -0.0418345, -0.0738225, -0.0335274, -0.0012068, -0.0175347, 0.0227141, 0.128768, 0.44424, 1.44772, 
Plaqavg:
0.818748
m_0++ seq3:
31.1546, 1.03806, -0.727633, -0.882692, -0.983469, -0.944052, -0.952565, -1.02912, -1.01859, -1.01512, -1.03945, -0.959972, -1.13378, -0.974823, -1.09512, -1.09009, -1.16763, -1.11758, -0.967337, -1.11758, -1.16763, -1.09009, -1.09512, -0.974823, -1.13378, -0.959972, -1.03945, -1.01512, -1.01859, -1.02912, -0.952565, -0.944052, -0.983469, -0.882692, -0.727633, 1.03806, 
m_0-- seq3:
42.0923, 27.1262, 20.2134, 15.3103, 11.7385, 9.05455, 7.2735, 6.09514, 5.24034, 4.51639, 4.34275, 4.62745, 4.97529, 5.64319, 6.15686, 6.5077, 6.61992, 6.60157, 6.70842, 6.60157, 6.61992, 6.5077, 6.15686, 5.64319, 4.97529, 4.62745, 4.34275, 4.51639, 5.24034, 6.09514, 7.2735, 9.05455, 11.7385, 15.3103, 20.2134, 27.1262, 
wilson seq3:
23.5517, 1.37019, 0.299155, 0.153232, 0.060126, 0.0255637, 0.0207144, 0.0460195, -0.0233296, -0.013972, 0.0311591, -0.00607739, -0.00633506, 0.0202892, 0.0491792, 0.0509062, -0.00492501, -0.0368343, -0.00956956, -0.0368343, -0.00492501, 0.0509062, 0.0491792, 0.0202892, -0.00633506, -0.00607739, 0.0311591, -0.013972, -0.0233296, 0.0460195, 0.0207144, 0.0255637, 0.060126, 0.153232, 0.299155, 1.37019, 
Plaqavg:
0.818745
m_0++ seq4:
30.8536, 0.842333, -0.816173, -1.16102, -1.02827, -1.04931, -1.01537, -1.00076, -1.07215, -1.02998, -0.949582, -1.03, -1.04551, -0.866255, -0.947955, -0.900059, -0.952852, -0.909268, -0.989177, -0.909268, -0.952852, -0.900059, -0.947955, -0.866255, -1.04551, -1.03, -0.949582, -1.02998, -1.07215, -1.00076, -1.01537, -1.04931, -1.02827, -1.16102, -0.816173, 0.842333, 
m_0-- seq4:
33.1914, 18.06, 11.3449, 6.95688, 4.20987, 2.55088, 1.35903, 0.293381, -0.473196, -0.938278, -1.07896, -0.883294, -0.341468, -0.0469157, 0.0795813, 0.060943, -0.0714922, -0.0500086, -0.0628532, -0.0500086, -0.0714922, 0.060943, 0.0795813, -0.0469157, -0.341468, -0.883294, -1.07896, -0.938278, -0.473196, 0.293381, 1.35903, 2.55088, 4.20987, 6.95688, 11.3449, 18.06, 
wilson seq4:
23.6823, 1.36134, 0.358152, 0.126452, 0.0240657, 0.00137808, 0.00554276, 0.00247029, -0.0168392, 0.024903, 0.0192943, -0.00420696, -0.0297422, 0.0306306, 0.000327968, 0.0164487, -0.000427949, -0.100788, -0.0562461, -0.100788, -0.000427949, 0.0164487, 0.000327968, 0.0306306, -0.0297422, -0.00420696, 0.0192943, 0.024903, -0.0168392, 0.00247029, 0.00554276, 0.00137808, 0.0240657, 0.126452, 0.358152, 1.36134, 
Plaqavg:
0.818761
m_0++ seq5:
31.17, 0.98971, -0.750936, -0.976911, -1.02258, -0.882294, -0.93375, -1.06519, -1.00803, -0.988023, -1.13606, -1.04303, -1.09425, -1.0506, -1.07016, -0.882562, -1.04443, -1.10243, -1.04695, -1.10243, -1.04443, -0.882562, -1.07016, -1.0506, -1.09425, -1.04303, -1.13606, -0.988023, -1.00803, -1.06519, -0.93375, -0.882294, -1.02258, -0.976911, -0.750936, 0.98971, 
m_0-- seq5:
35.4326, 20.814, 14.5324, 10.2892, 6.8203, 3.96616, 1.77672, 0.296347, -0.664349, -1.12307, -1.20224, -1.12307, -1.30253, -1.1965, -0.855376, -0.571897, -0.211834, -0.0453961, -0.074629, -0.0453961, -0.211834, -0.571897, -0.855376, -1.1965, -1.30253, -1.12307, -1.20224, -1.12307, -0.664349, 0.296347, 1.77672, 3.96616, 6.8203, 10.2892, 14.5324, 20.814, 
wilson seq5:
23.7639, 1.40328, 0.364093, 0.131104, 0.0163323, 0.0508566, -0.0193926, -0.0534502, 0.0234479, 0.0253013, 0.0057619, 0.0144355, -0.00541774, 0.0447976, 0.0464217, -0.0102426, 0.0115911, 0.0218216, 0.046287, 0.0218216, 0.0115911, -0.0102426, 0.0464217, 0.0447976, -0.00541774, 0.0144355, 0.0057619, 0.0253013, 0.0234479, -0.0534502, -0.0193926, 0.0508566, 0.0163323, 0.131104, 0.364093, 1.40328, 
Plaqavg:
0.818835
m_0++ seq0:
31.3104, 0.936444, -0.876725, -1.07565, -1.11832, -1.08893, -1.0065, -0.973983, -0.963096, -0.845362, -0.946739, -0.970937, -1.12791, -1.0217, -0.941477, -0.967358, -0.956626, -1.10929, -1.20212, -1.10929, -0.956626, -0.967358, -0.941477, -1.0217, -1.12791, -0.970937, -0.946739, -0.845362, -0.963096, -0.973983, -1.0065, -1.08893, -1.11832, -1.07565, -0.876725, 0.936444, 
m_0-- seq0:
36.7349, 21.5694, 14.4824, 9.62141, 6.18814, 3.63285, 1.95614, 0.765188, 0.110222, -0.221698, -0.448908, -0.561997, -0.372401, -0.060993, 0.227396, 0.577139, 1.20006, 1.7092, 1.9111, 1.7092, 1.20006, 0.577139, 0.227396, -0.060993, -0.372401, -0.561997, -0.448908, -0.221698, 0.110222, 0.765188, 1.95614, 3.63285, 6.18814, 9.62141, 14.4824, 21.5694, 
wilson seq0:
23.693, 1.40456, 0.429883, 0.179343, 0.0218515, 0.0418866, -0.0270981, -0.00700235, 0.00959534, 0.0310906, -0.0343719, -0.0591143, -0.0302232, -0.00412986, 0.0150782, 0.0129296, 0.0320539, 0.016608, -0.0219532, 0.016608, 0.0320539, 0.0129296, 0.0150782, -0.00412986, -0.0302232, -0.0591143, -0.0343719, 0.0310906, 0.00959534, -0.00700235, -0.0270981, 0.0418866, 0.0218515, 0.179343, 0.429883, 1.40456, 
Plaqavg:
0.818701
m_0++ seq1:
31.1482, 1.05272, -0.804414, -0.947908, -0.957872, -0.954394, -1.08652, -0.996529, -1.01316, -0.982903, -1.04392, -0.960332, -0.907398, -0.997634, -1.04314, -1.13636, -1.07822, -1.1979, -1.0365, -1.1979, -1.07822, -1.13636, -1.04314, -0.997634, -0.907398, -0.960332, -1.04392, -0.982903, -1.01316, -0.996529, -1.08652, -0.954394, -0.957872, -0.947908, -0.804414, 1.05272, 
m_0-- seq1:
38.5416, 23.2579, 16.4809, 11.9383, 8.61708, 6.34342, 5.03251, 4.42937, 4.40012, 4.61138, 4.79814, 4.88343, 4.56767, 4.11662, 3.53548, 2.98249, 2.70026, 2.77965, 2.88218, 2.77965, 2.70026, 2.98249, 3.53548, 4.11662, 4.56767, 4.88343, 4.79814, 4.61138, 4.40012, 4.42937, 5.03251, 6.34342, 8.61708, 11.9383, 16.4809, 23.2579, 
wilson seq1:
23.6979, 1.45864, 0.341954, 0.0977499, 0.0608299, 0.0072545, 0.0313969, 0.0141466, -0.00469726, 0.0328559, -0.020775, -0.0263823, 0.015059, -0.0395625, -0.0487118, -0.0149814, 0.0177105, -0.0307672, -0.0638062, -0.0307672, 0.0177105, -0.0149814, -0.0487118, -0.0395625, 0.015059, -0.0263823, -0.020775, 0.0328559, -0.00469726, 0.0141466, 0.0313969, 0.0072545, 0.0608299, 0.0977499, 0.341954, 1.45864, 
Plaqavg:
0.818641
m_0++ seq2:
31.1696, 0.968544, -0.776716, -0.984909, -0.972954, -1.00867, -1.0316, -1.11515, -0.961436, -1.06314, -1.0544, -1.08218, -1.10983, -1.04573, -1.04091, -1.035, -0.981805, -0.831399, -0.91507, -0.831399, -0.981805, -1.035, -1.04091, -1.04573, -1.10983, -1.08218, -1.0544, -1.06314, -0.961436, -1.11515, -1.0316, -1.00867, -0.972954, -0.984909, -0.776716, 0.968544, 
m_0-- seq2:
37.0687, 22.3428, 15.7474, 11.0687, 7.4908, 4.74191, 2.75998, 1.52788, 0.946145, 0.627185, 0.430534, 0.269625, 0.212005, -0.147368, -0.658775, -1.09509, -1.49572, -1.69676, -1.78021, -1.69676, -1.49572, -1.09509, -0.658775, -0.147368, 0.212005, 0.269625, 0.430534, 0.627185, 0.946145, 1.52788, 2.75998, 4.74191, 7.4908, 11.0687, 15.7474, 22.3428, 
wilson seq2:
23.7312, 1.39822, 0.293271, 0.100509, 0.00115764, 0.0507461, 0.0250579, 0.0202826, 0.0561433, 0.0190104, 0.0128788, -0.00927387, -0.0021666, -0.00207159, 0.0209423, -0.0225596, 0.0906252, 0.117482, 0.0574696, 0.117482, 0.0906252, -0.0225596, 0.0209423, -0.00207159, -0.0021666, -0.00927387, 0.0128788, 0.0190104, 0.0561433, 0.0202826, 0.0250579, 0.0507461, 0.00115764, 0.100509, 0.293271, 1.39822, 
Plaqavg:
0.81883
m_0++ seq3:
31.4373, 1.02257, -0.693007, -0.906199, -0.932304, -0.847721, -0.945588, -1.14155, -1.13041, -1.01207, -0.868757, -1.11674, -1.17078, -1.11485, -1.07066, -1.09142, -1.06037, -1.14175, -0.994119, -1.14175, -1.06037, -1.09142, -1.07066, -1.11485, -1.17078, -1.11674, -0.868757, -1.01207, -1.13041, -1.14155, -0.945588, -0.847721, -0.932304, -0.906199, -0.693007, 1.02257, 
m_0-- seq3:
35.6621, 20.9655, 14.3955, 10.0955, 7.28602, 5.52503, 4.59476, 3.98548, 3.46305, 3.02992, 2.91371, 2.87061, 3.00093, 3.18113, 3.54517, 3.91749, 4.1785, 4.52247, 4.41031, 4.52247, 4.1785, 3.91749, 3.54517, 3.18113, 3.00093, 2.87061, 2.91371, 3.02992, 3.46305, 3.98548, 4.59476, 5.52503, 7.28602, 10.0955, 14.3955, 20.9655, 
wilson seq3:
23.8051, 1.48743, 0.445753, 0.15396, 0.0145663, 0.0108977, -0.0391682, -0.00401479, -0.0402623, -0.0152201, -0.00355186, -0.0176643, -0.0139197, -0.00984909, 0.0179732, 0.0382886, 0.0440358, 0.0561975, -0.0206612, 0.0561975, 0.0440358, 0.0382886, 0.0179732, -0.00984909, -0.0139197, -0.0176643, -0.00355186, -0.0152201, -0.0402623, -0.00401479, -0.0391682, 0.0108977, 0.0145663, 0.15396, 0.445753, 1.48743, 
Plaqavg:
0.818884
m_0++ seq4:
31.2807, 0.876424, -0.840963, -1.0356, -0.943312, -0.9402, -1.06169, -1.11956, -0.960057, -1.04724, -0.880799, -1.0401, -1.09946, -0.984082, -1.08404, -1.03454, -1.00873, -0.908319, -1.05615, -0.908319, -1.00873, -1.03454, -1.08404, -0.984082, -1.09946, -1.0401, -0.880799, -1.04724, -0.960057, -1.11956, -1.06169, -0.9402, -0.943312, -1.0356, -0.840963, 0.876424, 
m_0-- seq4:
34.7085, 19.2917, 12.3564, 7.66494, 4.72596, 3.14484, 2.36491, 1.82885, 1.61149, 1.33175, 1.43162, 1.43857, 1.43298, 1.22178, 0.799104, 0.448111, 0.0342138, -0.201601, -0.488423, -0.201601, 0.0342138, 0.448111, 0.799104, 1.22178, 1.43298, 1.43857, 1.43162, 1.33175, 1.61149, 1.82885, 2.36491, 3.14484, 4.72596, 7.66494, 12.3564, 19.2917, 
wilson seq4:
23.7086, 1.39746, 0.372364, 0.162229, 0.0637022, 0.0506035, 0.0331331, 0.0700649, 0.0381699, -0.00799592, 0.034632, 0.0229621, 0.0266735, 0.0449004, 0.00441462, -0.045814, 0.0252996, 0.0206803, 0.101415, 0.0206803, 0.0252996, -0.045814, 0.00441462, 0.0449004, 0.0266735, 0.0229621, 0.034632, -0.00799592, 0.0381699, 0.0700649, 0.0331331, 0.0506035, 0.0637022, 0.162229, 0.372364, 1.39746, 
Plaqavg:
0.818659
m_0++ seq5:
31.3116, 1.05454, -0.740285, -0.995848, -0.967205, -1.05447, -1.02161, -1.13275, -1.01288, -1.07231, -1.08506, -1.10201, -1.04387, -1.06767, -1.02658, -1.01171, -0.901166, -1.00749, -0.934837, -1.00749, -0.901166, -1.01171, -1.02658, -1.06767, -1.04387, -1.10201, -1.08506, -1.07231, -1.01288, -1.13275, -1.02161, -1.05447, -0.967205, -0.995848, -0.740285, 1.05454, 
m_0-- seq5:
37.08, 22.2934, 15.4695, 10.7104, 7.27519, 5.06549, 3.50435, 2.38025, 1.64146, 1.0074, 0.739967, 0.432548, -0.178187, -1.0149, -1.73519, -2.15305, -2.37535, -2.3479, -2.27727, -2.3479, -2.37535, -2.15305, -1.73519, -1.0149, -0.178187, 0.432548, 0.739967, 1.0074, 1.64146, 2.38025, 3.50435, 5.06549, 7.27519, 10.7104, 15.4695, 22.2934, 
wilson seq5:
23.6881, 1.41552, 0.421166, 0.0956608, 0.0648369, 0.0449737, -0.0141127, -0.0143883, -0.00781113, -0.0247961, 0.0389731, 0.02337, 0.0119761, 0.0452348, -0.000686072, -0.0711794, -0.0195602, -0.0165845, -0.0247435, -0.0165845, -0.0195602, -0.0711794, -0.000686072, 0.0452348, 0.0119761, 0.02337, 0.0389731, -0.0247961, -0.00781113, -0.0143883, -0.0141127, 0.0449737, 0.0648369, 0.0956608, 0.421166, 1.41552, 
Plaqavg:
0.818865