m_0++ seq1:
1.19875, -0.501088, -3.91829, -1.58589, -3.42074, -3.28312, 1.40324, 0.326379, -0.542725, 3.38779, 0.754961, 0.693847, 0.919213, -0.0252827, 0.227179, 2.43256, -0.616719, -0.634867, 0.142938, 2.00981, 3.5628, 0.935294, 0.169466, 0.126478, -1.01377, -3.32341, 1.90744, -0.135531, -1.48387, -1.57565, -1.80661, -3.3592, -1.25743, 2.67262, 0.449969,
m_0-- seq1:
28.3032, 29.2379, 22.2698, 21.5903, 38.2505, 46.9409, 58.5356, 67.6267, 62.2709, 37.6313, 17.5495, 1.80897, 1.1908, 3.32898, 16.9393, 25.596, 12.8484, 0.542156, -16.4299, -18.4942, -26.4197, -31.9076, -24.4254, -6.51005, 14.2894, 30.2999, 41.9787, 48.087, 59.963, 39.5882, 35.5035, 45.607, 33.6898, 40.625, 39.9548,
Plaqavg:0.829386
m_0++ seq2:
-1.22443, 0.274475, 0.497083, -1.21949, -0.0505522, -1.37866, 6.09884, 2.99899, 3.39299, 3.07272, 0.140077, -2.39954, 2.02289, -4.65894, -3.96323, -0.146409, 1.66292, -1.79772, 1.93303, 1.86311, -1.45214, -5.96895, -1.97884, 2.56868, -3.70943, 2.34258, 4.68917, 1.53341, -3.41817, -2.4355, -4.87922, -4.1152, -1.306, 0.180697, 5.11203,
m_0-- seq2:
63.6318, 44.9307, 31.0303, 48.0653, 63.4082, 62.2955, 60.3632, 56.0569, 47.271, 33.4282, 22.0809, 15.8287, 15.8116, 4.67161, -3.72365, -4.9277, -19.9859, -27.6033, -22.4878, -0.414878, -0.279671, 3.69263, 17.1485, 26.6336, 24.2728, 17.4579, -5.84412, 1.02023, 17.8763, 6.99058, -3.14644, -3.50004, -0.35387, 13.0174, 33.6096,
Plaqavg:0.829693
m_0++ seq3:
3.43635, -0.778927, 0.435741, -2.93752, -2.83237, -6.30968, 0.322509, -2.04487, 0.350498, -0.493967, -0.522931, -2.10619, -2.04823, -2.4808, 2.55416, -2.17064, 0.253392, -1.31308, 0.667915, 0.652704, 2.72431, 0.885719, -3.51521, 1.5711, 0.599578, -2.42389, 1.54263, -0.117044, 0.749494, -4.44317, 0.230737, 2.36301, -1.19037, 1.30785, 5.11677,
m_0-- seq3:
59.2101, 68.0857, 67.3562, 68.8271, 57.4299, 29.3166, 41.4263, 29.2248, 5.52416, 1.39279, 6.47297, 0.517893, 1.44245, -0.520192, 5.75711, -2.30162, -13.0232, -14.8434, -18.5277, -22.8107, -11.5763, -17.6878, -24.4786, -15.6638, -12.5475, -6.60686, 3.20682, 1.79345, 5.25058, -5.87721, -11.8392, -18.413, -8.56857, 4.14302, 20.1454,
Plaqavg:0.829534
m_0++ seq4:
6.27133, -0.930474, -4.52267, 1.60478, 1.86483, 0.698513, 0.105842, -2.25081, 1.1942, 1.65793, -0.0490231, -2.91841, -1.5578, 3.15564, -3.32604, -2.51596, 1.46932, -0.182968, 0.80217, -1.99332, -0.754272, 0.985227, 3.63636, 4.07582, -0.72255, -2.29959, -4.82735, 2.13086, -1.40676, -0.58324, 2.24908, 2.58103, -0.0203899, -1.3906, 4.20455,
m_0-- seq4:
5.99559, 5.80023, 2.33862, -1.70866, -1.2948, 0.352684, -1.08137, -0.324457, 0.881995, 5.32285, 5.0281, 4.07265, 3.65273, 2.84129, -1.58245, 3.36236, 3.37698, 3.28837, 1.27893, 2.34503, 1.87691, -1.87493, -1.57044, -0.752941, -0.794292, -2.65174, -2.39027, -1.16885, -0.537601, -1.49386, -3.62274, 1.09997, -2.33292, -6.01095, -1.51996,
Plaqavg:0.829445
m_0++ seq5:
4.85975, 4.96859, 2.83026, 3.74523, -1.94077, 0.411898, -0.554719, 2.53574, 4.66008, 0.420531, -1.50382, 1.28669, 2.66089, 1.5497, -3.8179, 0.531133, -2.31497, 0.968859, 3.28322, 1.60033, -3.71073, 0.523473, 3.15726, 3.09702, 2.07676, 0.0723698, -0.742786, 2.41712, -0.502354, 1.66487, 1.638, 1.3714, 4.1643, 5.83873, 3.11129,
m_0-- seq5:
14.0242, 6.16064, -0.337801, 8.60995, 6.68227, -3.07669, -2.86863, -5.90379, 0.445587, -5.27493, -2.02141, -17.1591, -10.5026, -10.8416, -16.2626, -12.0926, -3.00789, -4.59315, -2.82299, 2.98423, 5.22896, 13.3287, 8.31356, 9.64064, 4.18031, -3.15304, -2.89318, 0.441196, -8.06264, -15.4203, -9.94756, 4.25929, 15.6303, 33.5367, 33.3435,
Plaqavg:0.828958
m_0++ seq6:
1.09938, -0.527764, 1.43359, -1.02289, 2.53083, 3.52418, -0.0493065, -0.488032, 0.841247, 1.04231, -2.28746, 0.391161, -4.94592, -0.436599, -1.49257, 1.58875, 4.36408, 3.93894, 2.67257, -0.0993282, -1.85414, -0.222187, 0.610544, 0.398258, -3.51131, -0.808117, -1.33693, 1.98415, 1.46652, -1.843, -1.90708, 3.24695, 0.739924, 4.78461, 7.76118,
m_0-- seq6:
90.0957, 81.8623, 77.9463, 68.2807, 40.0283, 37.7404, 35.6174, 3.07014, -5.15433, -1.49936, 6.98496, 13.7711, 3.86915, 11.0965, 45.5584, 81.3141, 79.2582, 83.9979, 71.7081, 30.9662, 4.15586, 1.47841, -3.70615, -15.0382, -32.175, -64.2155, -70.8393, -55.9, -57.3039, -36.1068, -31.1835, -26.0372, 0.714253, 4.93468, 49.0785,
Plaqavg:0.829152
m_0++ seq7:
-0.210877, 0.234798, -1.84759, 2.98708, 0.227305, -0.627842, -1.96458, -0.251497, -2.24926, -0.0370177, -2.58534, -2.56589, -2.737, 0.969771, 0.967069, 0.146439, -2.01579, -2.49652, 1.78128, -2.18031, -2.43146, -0.977733, 1.532, 2.9129, -2.70923, -2.37306, 0.794852, 1.55658, 3.84281, -0.232853, -1.49114, 0.74383, -1.0535, -0.595448, -1.72367,
m_0-- seq7:
12.1147, 6.23153, 7.63945, 6.43191, 2.68329, -6.93334, 0.69894, -0.465398, 0.351068, 4.82986, 11.4749, 5.61542, -3.45089, -6.39388, -7.05407, -7.0556, -7.25076, -7.19717, -3.74057, -2.32254, -6.66454, -3.82209, -4.33833, -3.54962, -5.5327, -6.05345, -0.0942598, -6.66345, -2.95345, -6.69375, -9.91416, -10.1031, -7.20233, -8.08295, 8.95288,
Plaqavg:0.829102
m_0++ seq8:
3.47741, 0.308526, -2.91877, -5.03102, -3.84829, -1.61916, -0.771671, -0.341376, -0.69387, 1.59191, -2.92416, -0.723937, -1.16647, -1.14194, 0.504295, 1.18626, -2.65162, 2.37331, 5.01794, 5.20913, 0.906258, 0.562233, 1.51257, -0.602907, -1.89312, -1.10085, 0.914938, 1.61632, -3.49834, 2.12593, 1.05817, 3.94486, 2.3059, 2.7107, 3.99206,
m_0-- seq8:
11.3214, 2.37364, -1.86871, 1.31021, 6.2432, 6.11797, 8.91213, 7.41255, 4.49359, 5.84224, 4.25178, 4.98102, -3.57495, -9.70852, -13.8275, -12.2097, -12.7172, -9.17036, -7.22965, -6.26314, -6.21391, -4.92998, -6.80923, -0.546216, 0.0136541, -3.84725, 2.20743, -13.4606, -18.8033, -17.8959, -15.4084, -14.7255, -7.71819, 6.26923, 8.48747,
Plaqavg:0.829267
m_0++ seq9:
0.76307, 0.887286, 0.70586, -0.960686, 0.587057, 3.56627, 1.65932, 0.058237, 0.224794, 0.301235, 2.62124, -3.61727, -0.434565, -0.817047, 0.150537, 3.37451, 2.45452, 2.60277, -1.43437, -2.46543, -2.15147, 0.131424, -0.16994, 4.6826, 6.96832, 0.141997, 0.176651, -2.86501, 0.557051, -4.37193, 0.922443, 0.207894, 3.11913, 1.5626, 6.72055,
m_0-- seq9:
2.33618, -1.81905, -2.91218, -2.90809, -3.77551, -2.95627, -4.79849, -1.61158, -4.43436, -6.00854, -2.98993, -2.6303, -4.57261, -3.67225, -0.723898, -2.61145, -4.85016, 1.19708, 3.85408, 3.78198, 4.59285, 1.95014, 8.0253, 1.24932, 4.50251, 6.56527, 4.89978, 4.82537, 6.41964, 8.13856, 8.28146, 10.7227, 7.08225, 5.93019, 6.54475,
Plaqavg:0.829111
m_0++ seq10:
4.82317, -2.49909, -0.497534, -1.56132, 0.355004, 0.198764, 0.0228196, 1.14306, 0.780322, -2.28626, 3.30835, 2.82667, 0.189832, -0.102109, -0.199164, -2.04565, -0.639122, 2.31352, 4.12996, -1.7566, -2.88945, 1.50068, 0.809741, -2.72584, -1.45521, -1.91755, -2.98749, -0.196934, 4.09536, 3.72609, 0.0656416, 0.364292, 1.04215, 2.43788, 0.516936,
m_0-- seq10:
4.83004, 4.47741, 4.07992, 2.42423, 0.859049, 0.126727, 3.69703, 0.18787, 2.44205, -0.143629, -2.20521, 0.885692, 2.12039, -0.921651, -4.31232, -5.25903, -4.80198, -5.01754, -4.88933, -6.60523, -5.05076, -3.01274, -6.57022, -7.07584, -6.02201, -1.18603, 0.212321, 2.44957, 5.65973, 9.47987, 13.8119, 10.0857, 5.16745, 3.0333, 3.17464,
Plaqavg:0.829534
avgplaq:0.829318
plaqsd:0.000224471
completed in:348